BRKGA:

Execução 1:

Tempo de Inicio (hh:mm:ss.ms) 2019-09-15 13:57:45.876991
gen	min     	max     	avg     	std    
0  	2.586,02	3.314,77	3.007,65	101,736
1  	2.586,02	3.314,1 	2.944,19	104,094
290	2.158,28	3.280,92	2.413,4 	393,27 
Tempo de Termino (hh:mm:ss.ms) 2019-09-15 14:08:37.252541
Tempo Total (hh:mm:ss.ms) 0:10:51.375550
Individuo: ([25, 14, 15, 6, 0, 24, 4, 8, 7, 2, 21, 13, 16, 22, 9, 23, 3, 5, 17, 18, 19, 20, 1, 10, 11, 12], [0, 0, 0, 0, 1, 1, 0, 1, 1, 0, 0, 0, 0, 1, 0, 0, 0, 1, 0, 0, 1, 0, 0, 0, 0, 1])
Fitness:  2158.284271247462

Execução 2:

Tempo de Inicio (hh:mm:ss.ms) 2019-09-15 14:08:38.200184
gen	min     	max     	avg     	std    
0  	2.605,95	3.305,82	3.007,22	101,725
1  	2.594,42	3.296,21	2.942,38	105,174
244	2.144,14	3.324,83	2.404,04	399,003
Tempo de Termino (hh:mm:ss.ms) 2019-09-15 14:18:15.436078
Tempo Total (hh:mm:ss.ms) 0:09:37.235894
Individuo: ([25, 14, 10, 11, 12, 1, 15, 24, 4, 2, 7, 21, 8, 0, 6, 20, 9, 22, 19, 18, 17, 16, 13, 23, 3, 5], [0, 0, 0, 0, 1, 0, 0, 1, 1, 1, 0, 0, 0, 0, 1, 1, 0, 1, 0, 1, 1, 1, 1, 0, 0, 1])
Fitness:  2144.142135623731

Execução 3:

Tempo de Inicio (hh:mm:ss.ms) 2019-09-15 14:18:16.463917
gen	min     	max     	avg     	std    
0  	2.594,82	3.308,05	3.005,72	103,248
1  	2.594,82	3.299,8 	2.939,46	105,998
231	2.152,36	3.315,61	2.409,87	395,132
Tempo de Termino (hh:mm:ss.ms) 2019-09-15 14:27:00.338728
Tempo Total (hh:mm:ss.ms) 0:08:43.874811
Individuo: ([25, 14, 10, 11, 12, 15, 1, 20, 6, 24, 4, 2, 7, 21, 8, 0, 9, 22, 19, 18, 5, 17, 16, 13, 23, 3], [0, 0, 0, 0, 1, 1, 1, 1, 1, 1, 0, 1, 0, 1, 0, 0, 0, 1, 0, 1, 1, 1, 1, 1, 0, 0])
Fitness:  2152.360679774998

Execução 4:

Tempo de Inicio (hh:mm:ss.ms) 2019-09-15 14:27:01.290075
gen	min     	max     	avg     	std    
0  	2.592,07	3.343,13	3.006,05	103,407
1  	2.564,68	3.290,81	2.941,03	106,816
245	2.144,14	3.309,63	2.407,36	396,31 
Tempo de Termino (hh:mm:ss.ms) 2019-09-15 14:36:58.191131
Tempo Total (hh:mm:ss.ms) 0:09:56.901056
Individuo: ([25, 14, 15, 24, 2, 7, 8, 4, 0, 6, 1, 10, 11, 12, 19, 20, 9, 13, 16, 18, 22, 17, 5, 3, 23, 21], [0, 0, 0, 1, 1, 0, 0, 0, 0, 1, 0, 0, 0, 1, 1, 1, 0, 0, 0, 0, 0, 0, 0, 1, 1, 1])
Fitness:  2144.142135623731

Execução 5:

Tempo de Inicio (hh:mm:ss.ms) 2019-09-15 14:36:59.164758
gen	min     	max     	avg     	std    
0  	2.633,56	3.306,22	3.005,57	102,281
1  	2.586,55	3.267,18	2.939,93	104,011
249	2.156,5 	3.286,25	2.412,58	393,687
Tempo de Termino (hh:mm:ss.ms) 2019-09-15 14:48:12.907448
Tempo Total (hh:mm:ss.ms) 0:11:13.742690
Individuo: ([25, 14, 15, 10, 1, 20, 6, 24, 4, 0, 9, 13, 8, 7, 2, 21, 23, 3, 5, 17, 16, 22, 19, 18, 12, 11], [0, 0, 0, 0, 1, 1, 1, 1, 0, 0, 0, 1, 1, 1, 0, 0, 0, 0, 1, 1, 1, 1, 0, 0, 0, 1])
Fitness:  2156.5028153987287

