BRKGA:

Execução 1:

Tempo de Inicio (hh:mm:ss.ms) 2019-09-15 12:35:06.714012
gen	min     	max     	avg     	std    
0  	2.005,88	2.624,15	2.342,59	97,8954
1  	1.969,45	2.617,14	2.278,74	97,9822
241	1.680   	2.595,18	1.878,85	306,443
Tempo de Termino (hh:mm:ss.ms) 2019-09-15 12:42:52.159929
Tempo Total (hh:mm:ss.ms) 0:07:45.445917
Individuo: ([20, 12, 13, 10, 2, 15, 5, 19, 4, 3, 6, 16, 7, 0, 9, 14, 1, 18, 17, 11, 8], [0, 0, 0, 0, 1, 1, 1, 1, 0, 1, 0, 0, 0, 0, 0, 0, 0, 1, 1, 0, 0])
Fitness:  1680.0

Execução 2:

Tempo de Inicio (hh:mm:ss.ms) 2019-09-15 12:42:53.029654
gen	min     	max     	avg     	std    
0  	2.005,14	2.617,79	2.342,51	96,3424
1  	1.979,88	2.590,99	2.278,19	97,4563
322	1.702,36	2.584,15	1.896,43	297,427
Tempo de Termino (hh:mm:ss.ms) 2019-09-15 12:53:28.309685
Tempo Total (hh:mm:ss.ms) 0:10:35.280031
Individuo: ([20, 12, 10, 13, 19, 3, 6, 7, 4, 0, 5, 2, 8, 15, 9, 14, 1, 18, 17, 11, 16], [0, 0, 0, 0, 1, 1, 0, 0, 0, 0, 1, 1, 1, 1, 0, 0, 0, 1, 1, 1, 1])
Fitness:  1702.3606797749978

Execução 3:

Tempo de Inicio (hh:mm:ss.ms) 2019-09-15 12:53:29.318165
gen	min     	max     	avg     	std    
0  	1.998,45	2.613,39	2.339,64	96,7969
1  	1.948,1 	2.596,46	2.278,94	99,1107
232	1.676,5 	2.579,45	1.880,14	305,099
Tempo de Termino (hh:mm:ss.ms) 2019-09-15 13:01:15.673507
Tempo Total (hh:mm:ss.ms) 0:07:46.355342
Individuo: ([20, 12, 10, 2, 13, 19, 5, 9, 8, 15, 0, 4, 3, 6, 7, 16, 11, 14, 1, 18, 17], [0, 0, 0, 1, 1, 0, 0, 0, 0, 1, 1, 1, 1, 0, 0, 0, 0, 0, 0, 1, 1])
Fitness:  1676.502815398729

Execução 4:

Tempo de Inicio (hh:mm:ss.ms) 2019-09-15 13:01:16.547228
gen	min     	max     	avg     	std    
0  	1.994,93	2.623,79	2.342,59	95,5159
1  	1.964,41	2.619,78	2.280,79	96,5201
212	1.690   	2.603,19	1.892,52	297,88 
Tempo de Termino (hh:mm:ss.ms) 2019-09-15 13:08:08.713220
Tempo Total (hh:mm:ss.ms) 0:06:52.165992
Individuo: ([20, 12, 10, 13, 19, 5, 0, 4, 3, 6, 7, 16, 11, 17, 18, 1, 14, 9, 15, 8, 2], [0, 0, 0, 0, 0, 0, 1, 1, 1, 0, 0, 0, 0, 0, 0, 1, 1, 1, 0, 0, 0])
Fitness:  1690.0

Execução 5:

Tempo de Inicio (hh:mm:ss.ms) 2019-09-15 13:08:09.594093
gen	min     	max     	avg     	std    
0  	1.968,56	2.614,74	2.341,63	97,0687
1  	1.968,56	2.620,04	2.278,46	98,9038
216	1.676,5 	2.627,6 	1.877,26	309,372
Tempo de Termino (hh:mm:ss.ms) 2019-09-15 13:15:06.642690
Tempo Total (hh:mm:ss.ms) 0:06:57.048597
Individuo: ([20, 12, 10, 2, 8, 9, 5, 13, 19, 15, 0, 7, 4, 3, 6, 16, 11, 14, 1, 18, 17], [0, 0, 0, 1, 1, 1, 1, 1, 0, 1, 1, 1, 1, 1, 0, 0, 0, 0, 0, 1, 1])
Fitness:  1676.5028153987287

