BRKGA:

Execução 1:

Tempo de Inicio (hh:mm:ss.ms) 2019-09-15 13:15:07.514569
gen	min     	max     	avg     	std    
0  	2.171,55	2.818,09	2.544,64	92,2928
1  	2.171,55	2.781,83	2.485,66	94,9478
221	1.842,36	2.806,05	2.059,78	321,761
Tempo de Termino (hh:mm:ss.ms) 2019-09-15 13:22:49.246384
Tempo Total (hh:mm:ss.ms) 0:07:41.731815
Individuo: ([12, 22, 2, 5, 6, 3, 21, 4, 19, 18, 7, 1, 13, 9, 10, 11, 17, 15, 14, 8, 0, 20, 16], [0, 0, 0, 0, 0, 1, 0, 0, 0, 0, 0, 0, 0, 0, 0, 1, 1, 1, 1, 1, 1, 0, 1])
Fitness:  1842.3606797749978

Execução 2:

Tempo de Inicio (hh:mm:ss.ms) 2019-09-15 13:22:50.147555
gen	min     	max     	avg     	std   
0  	2.186,31	2.807,93	2.543,43	92,085
1  	2.170,48	2.800,18	2.487,2 	96,2794
297	1.832,36	2.780,07	2.046,42	329,993
Tempo de Termino (hh:mm:ss.ms) 2019-09-15 13:33:15.878006
Tempo Total (hh:mm:ss.ms) 0:10:25.730451
Individuo: ([22, 12, 13, 4, 0, 3, 21, 2, 5, 6, 20, 16, 19, 8, 14, 15, 17, 18, 11, 10, 9, 1, 7], [0, 0, 0, 0, 1, 1, 1, 1, 0, 0, 0, 1, 1, 0, 0, 0, 0, 0, 0, 1, 1, 1, 1])
Fitness:  1832.3606797749978

Execução 3:

Tempo de Inicio (hh:mm:ss.ms) 2019-09-15 13:33:16.775590
gen	min     	max     	avg     	std    
0  	2.127,48	2.818,06	2.543,94	92,8283
1  	2.127,48	2.827,03	2.485,98	96,0124
233	1.848,86	2.809,38	2.058,3 	322,77 
Tempo de Termino (hh:mm:ss.ms) 2019-09-15 13:41:18.765271
Tempo Total (hh:mm:ss.ms) 0:08:01.989681
Individuo: ([22, 12, 9, 13, 21, 2, 5, 20, 16, 6, 3, 0, 4, 8, 14, 15, 17, 18, 7, 19, 1, 10, 11], [0, 0, 0, 0, 1, 1, 0, 0, 1, 1, 0, 0, 0, 0, 0, 0, 0, 1, 1, 0, 0, 0, 1])
Fitness:  1848.8634951737265

Execução 4:

Tempo de Inicio (hh:mm:ss.ms) 2019-09-15 13:41:19.666315
gen	min     	max     	avg     	std    
0  	2.143,25	2.819,19	2.544,54	92,0254
1  	2.143,25	2.807,59	2.487,03	96,1522
235	1.810   	2.826,82	2.033,6 	337,311
Tempo de Termino (hh:mm:ss.ms) 2019-09-15 13:49:44.719971
Tempo Total (hh:mm:ss.ms) 0:08:25.053656
Individuo: ([12, 13, 3, 5, 22, 2, 21, 4, 0, 6, 20, 16, 7, 19, 8, 14, 15, 17, 18, 1, 9, 10, 11], [0, 0, 0, 1, 1, 0, 0, 0, 1, 1, 0, 1, 0, 1, 0, 0, 0, 0, 1, 0, 1, 0, 1])
Fitness:  1810.0

Execução 5:

Tempo de Inicio (hh:mm:ss.ms) 2019-09-15 13:49:45.609728
gen	min     	max     	avg    	std    
0  	2.198,65	2.806,22	2.543,9	91,2516
1  	2.196,45	2.778,09	2.485,88	94,4571
230	1.830   	2.804,88	2.044,51	330,397
Tempo de Termino (hh:mm:ss.ms) 2019-09-15 13:57:44.968458
Tempo Total (hh:mm:ss.ms) 0:07:59.358730
Individuo: ([22, 12, 9, 13, 21, 4, 8, 14, 15, 17, 18, 19, 0, 3, 2, 5, 6, 20, 16, 7, 1, 10, 11], [0, 0, 0, 0, 1, 0, 0, 0, 0, 0, 0, 1, 1, 1, 1, 0, 0, 0, 1, 0, 0, 0, 1])
Fitness:  1830.0

