BRKGA:

Execução 1:

Tempo de Inicio (hh:mm:ss.ms) 2019-09-15 11:35:31.299914
gen	min     	max     	avg     	std    
0  	1.400,75	1.952,47	1.708,97	93,7431
1  	1.371,29	1.947,19	1.645,71	93,9318
190	1.210   	1.942,87	1.370,74	230,201
Tempo de Termino (hh:mm:ss.ms) 2019-09-15 11:40:37.218040
Tempo Total (hh:mm:ss.ms) 0:05:05.918126
Individuo: ([10, 15, 4, 13, 6, 7, 0, 1, 8, 2, 5, 11, 9, 3, 12, 14], [0, 0, 0, 1, 1, 1, 0, 0, 1, 0, 0, 0, 0, 0, 0, 1])
Fitness:  1210.0

Execução 2:

Tempo de Inicio (hh:mm:ss.ms) 2019-09-15 11:40:38.102565
gen	min     	max     	avg     	std    
0  	1.364,63	1.959,46	1.708,65	92,5275
1  	1.364,63	1.938,59	1.646,25	95,4212
188	1.210   	1.946,27	1.362,91	231,205
Tempo de Termino (hh:mm:ss.ms) 2019-09-15 11:45:37.650120
Tempo Total (hh:mm:ss.ms) 0:04:59.547555
Individuo: ([10, 15, 4, 6, 7, 0, 1, 2, 8, 13, 5, 11, 9, 3, 12, 14], [0, 0, 0, 1, 1, 0, 0, 0, 1, 0, 0, 0, 0, 0, 0, 1])
Fitness:  1210.0

Execução 3:

Tempo de Inicio (hh:mm:ss.ms) 2019-09-15 11:45:38.448281
gen	min     	max     	avg     	std    
0  	1.356,41	1.935,93	1.709,66	92,4213
1  	1.356,41	1.934,85	1.647,79	92,5642
183	1.210   	1.941,3 	1.369,06	227,973
Tempo de Termino (hh:mm:ss.ms) 2019-09-15 11:50:39.415881
Tempo Total (hh:mm:ss.ms) 0:05:00.967600
Individuo: ([10, 15, 4, 6, 7, 0, 1, 8, 2, 13, 5, 14, 12, 3, 11, 9], [0, 0, 0, 1, 1, 0, 0, 1, 0, 0, 0, 0, 1, 1, 0, 1])
Fitness:  1210.0

Execução 4:

Tempo de Inicio (hh:mm:ss.ms) 2019-09-15 11:50:40.240114
gen	min    	max     	avg     	std    
0  	1.381,8	1.952,04	1.709,43	93,8846
1  	1.379,64	1.934,01	1.646,15	93,81  
182	1.210   	1.941,74	1.372,91	226,48 
Tempo de Termino (hh:mm:ss.ms) 2019-09-15 11:55:37.831115
Tempo Total (hh:mm:ss.ms) 0:04:57.591001
Individuo: ([10, 15, 4, 6, 7, 0, 1, 2, 13, 8, 9, 11, 5, 14, 12, 3], [0, 0, 0, 1, 1, 0, 0, 0, 1, 0, 0, 1, 1, 0, 1, 1])
Fitness:  1210.0

Execução 5:

Tempo de Inicio (hh:mm:ss.ms) 2019-09-15 11:55:38.641521
gen	min     	max     	avg     	std    
0  	1.391,63	1.949,26	1.708,23	94,0826
1  	1.363,2 	1.944,92	1.644,82	94,7292
184	1.210   	1.930,76	1.368,91	229,179
Tempo de Termino (hh:mm:ss.ms) 2019-09-15 12:00:39.437476
Tempo Total (hh:mm:ss.ms) 0:05:00.795955
Individuo: ([10, 15, 4, 6, 8, 7, 0, 1, 2, 13, 5, 11, 9, 3, 12, 14], [0, 0, 0, 1, 1, 1, 0, 0, 0, 0, 0, 0, 0, 0, 0, 1])
Fitness:  1210.0

