BRKGA:

Execução 1:

Tempo de Inicio (hh:mm:ss.ms) 2019-09-15 14:48:13.997128
gen	min     	max     	avg     	std    
0  	2.731,43	3.491,23	3.162,23	108,402
1  	2.731,43	3.452,68	3.093,19	110,991
240	2.205,32	3.507,84	2.492,34	441,137
Tempo de Termino (hh:mm:ss.ms) 2019-09-15 15:00:25.032210
Tempo Total (hh:mm:ss.ms) 0:12:11.035082
Individuo: ([27, 14, 11, 12, 13, 20, 18, 23, 21, 5, 1, 15, 25, 3, 2, 6, 22, 7, 0, 10, 26, 4, 17, 16, 8, 19, 24, 9, 28], [0, 0, 0, 0, 1, 1, 1, 1, 1, 1, 0, 0, 1, 0, 1, 0, 0, 0, 0, 0, 0, 1, 1, 1, 1, 1, 0, 0, 0])
Fitness:  2205.32247551123

Execução 2:

Tempo de Inicio (hh:mm:ss.ms) 2019-09-15 15:00:26.302122
gen	min     	max    	avg    	std    
0  	2.747,86	3.495,7	3.160,6	107,715
1  	2.712,81	3.457,03	3.091,98	109,491
224	2.220   	3.500,1 	2.513,25	428,143
Tempo de Termino (hh:mm:ss.ms) 2019-09-15 15:11:40.840953
Tempo Total (hh:mm:ss.ms) 0:11:14.538831
Individuo: ([27, 14, 15, 11, 12, 1, 21, 0, 7, 6, 2, 3, 25, 5, 10, 16, 23, 20, 17, 8, 19, 22, 24, 9, 28, 26, 4, 18, 13], [0, 0, 0, 0, 0, 1, 1, 1, 1, 1, 0, 0, 0, 0, 0, 0, 1, 0, 1, 1, 1, 0, 0, 0, 0, 0, 1, 0, 0])
Fitness:  2220.0

Execução 3:

Tempo de Inicio (hh:mm:ss.ms) 2019-09-15 15:11:42.173667
gen	min     	max     	avg     	std    
0  	2.771,75	3.460,37	3.163,56	107,722
1  	2.719,76	3.460,37	3.094,61	110,153
267	2.221,93	3.453,8 	2.505,19	435,511
Tempo de Termino (hh:mm:ss.ms) 2019-09-15 15:25:00.280261
Tempo Total (hh:mm:ss.ms) 0:13:18.106594
Individuo: ([14, 11, 15, 5, 1, 12, 13, 20, 21, 10, 23, 18, 4, 26, 17, 16, 8, 19, 28, 9, 24, 22, 6, 27, 2, 25, 3, 7, 0], [0, 0, 0, 0, 0, 0, 1, 1, 1, 0, 1, 1, 0, 1, 1, 1, 1, 1, 1, 1, 1, 1, 1, 0, 0, 0, 0, 0, 0])
Fitness:  2221.9258240356726

Execução 4:

Tempo de Inicio (hh:mm:ss.ms) 2019-09-15 15:25:02.021493
gen	min     	max     	avg     	std    
0  	2.760,07	3.498,14	3.160,41	107,313
1  	2.735,94	3.446,77	3.091,41	111,214
255	2.224,65	3.453,24	2.506,67	431,22 
Tempo de Termino (hh:mm:ss.ms) 2019-09-15 15:36:43.052368
Tempo Total (hh:mm:ss.ms) 0:11:41.030875
Individuo: ([27, 14, 15, 11, 12, 1, 21, 5, 25, 2, 6, 7, 0, 10, 16, 17, 4, 26, 19, 8, 28, 9, 24, 22, 3, 20, 23, 18, 13], [0, 0, 0, 0, 1, 1, 1, 1, 1, 1, 0, 0, 0, 0, 0, 0, 0, 1, 0, 0, 1, 1, 1, 1, 1, 1, 0, 0, 0])
Fitness:  2224.650532979004

Execução 5:

Tempo de Inicio (hh:mm:ss.ms) 2019-09-15 15:36:44.300345
gen	min    	max    	avg     	std    
0  	2.718,2	3.491,6	3.162,22	108,006
1  	2.718,2	3.460,31	3.092,93	110,009
239	2.230,32	3.496,83	2.512,65	428,697
Tempo de Termino (hh:mm:ss.ms) 2019-09-15 15:46:35.647390
Tempo Total (hh:mm:ss.ms) 0:09:51.347045
Individuo: ([27, 14, 15, 11, 12, 1, 25, 2, 6, 3, 5, 10, 28, 8, 16, 17, 23, 20, 21, 0, 7, 22, 19, 24, 9, 26, 4, 18, 13], [0, 0, 0, 0, 1, 1, 1, 1, 0, 1, 0, 0, 0, 0, 0, 1, 1, 1, 1, 1, 1, 0, 0, 0, 0, 0, 1, 0, 0])
Fitness:  2230.3224755112296

