BRKGA:

Execução 1:

Tempo de Inicio (hh:mm:ss.ms) 2019-09-15 12:00:40.260886
gen	min     	max     	avg     	std    
0  	1.639,95	2.157,66	1.936,31	80,9531
1  	1.639,95	2.152,82	1.884,08	84,1084
228	1.421,62	2.149,32	1.576,34	239,167
Tempo de Termino (hh:mm:ss.ms) 2019-09-15 12:07:15.826591
Tempo Total (hh:mm:ss.ms) 0:06:35.565705
Individuo: ([12, 17, 14, 7, 2, 6, 5, 15, 8, 4, 16, 3, 1, 10, 9, 0, 11, 13], [0, 0, 0, 1, 1, 1, 1, 1, 1, 1, 1, 1, 1, 1, 1, 0, 0, 1])
Fitness:  1421.6227766016837

Execução 2:

Tempo de Inicio (hh:mm:ss.ms) 2019-09-15 12:07:16.683739
gen	min     	max  	avg     	std    
0  	1.635,25	2.162	1.936,83	80,3679
1  	1.619,27	2.165,55	1.885,32	84,8185
211	1.422,36	2.151,95	1.580,78	237,134
Tempo de Termino (hh:mm:ss.ms) 2019-09-15 12:13:36.184364
Tempo Total (hh:mm:ss.ms) 0:06:19.500625
Individuo: ([12, 17, 14, 7, 16, 15, 4, 8, 10, 9, 0, 1, 3, 5, 2, 6, 13, 11], [0, 0, 0, 1, 1, 1, 1, 1, 0, 1, 0, 0, 0, 0, 1, 1, 0, 1])
Fitness:  1422.3606797749978

Execução 3:

Tempo de Inicio (hh:mm:ss.ms) 2019-09-15 12:13:37.570706
gen	min    	max    	avg     	std    
0  	1.615,8	2.159,5	1.934,85	81,0068
1  	1.615,8	2.145,75	1.882,84	84,7002
205	1.422,36	2.158,73	1.580,38	237,434
Tempo de Termino (hh:mm:ss.ms) 2019-09-15 12:19:48.486774
Tempo Total (hh:mm:ss.ms) 0:06:10.916068
Individuo: ([12, 17, 14, 4, 8, 15, 3, 10, 9, 0, 1, 11, 13, 16, 5, 6, 2, 7], [0, 0, 0, 0, 0, 0, 1, 1, 1, 0, 0, 0, 1, 1, 0, 0, 0, 0])
Fitness:  1422.3606797749978

Execução 4:

Tempo de Inicio (hh:mm:ss.ms) 2019-09-15 12:19:49.346032
gen	min     	max     	avg     	std    
0  	1.584,63	2.166,73	1.936,17	81,5063
1  	1.584,63	2.143,75	1.884,77	84,0043
224	1.412,36	2.150,38	1.573,05	242,324
Tempo de Termino (hh:mm:ss.ms) 2019-09-15 12:26:25.513030
Tempo Total (hh:mm:ss.ms) 0:06:36.166998
Individuo: ([12, 17, 4, 15, 3, 10, 8, 9, 0, 1, 11, 13, 16, 5, 6, 2, 7, 14], [0, 0, 0, 0, 1, 1, 1, 1, 0, 0, 0, 1, 1, 0, 0, 0, 0, 1])
Fitness:  1412.3606797749978

Execução 5:

Tempo de Inicio (hh:mm:ss.ms) 2019-09-15 12:26:26.353889
gen	min     	max     	avg     	std    
0  	1.635,76	2.170,21	1.936,66	80,5659
1  	1.624,47	2.163,43	1.885,37	83,4254
300	1.418,86	2.149,77	1.575,12	240,977
Tempo de Termino (hh:mm:ss.ms) 2019-09-15 12:35:05.873270
Tempo Total (hh:mm:ss.ms) 0:08:39.519381
Individuo: ([12, 9, 17, 4, 8, 10, 3, 15, 1, 0, 11, 13, 5, 16, 6, 2, 7, 14], [0, 0, 0, 0, 1, 0, 0, 1, 1, 0, 0, 1, 1, 0, 0, 0, 0, 1])
Fitness:  1418.8634951737265

