BRKGA:

Execução 1:

Tempo de Inicio (hh:mm:ss.ms) 2019-09-17 11:38:22.630083
gen	min    	max    	avg    	std   
0  	4264.85	5099.49	4704.61	120.25
1  	4175.72	5060.95	4629.78	124.015
277	3396.7 	5042.33	3788.54	600.743
Tempo de Termino (hh:mm:ss.ms) 2019-09-17 11:54:48.308058
Tempo Total (hh:mm:ss.ms) 0:16:25.677975
Individuo: ([17, 35, 16, 37, 19, 38, 21, 8, 4, 11, 1, 24, 22, 5, 31, 29, 27, 13, 20, 9, 39, 15, 6, 7, 30, 32, 34, 33, 26, 14, 10, 12, 28, 3, 25, 2, 0, 23, 18, 36], [0, 0, 0, 0, 1, 0, 0, 0, 0, 0, 1, 1, 1, 1, 1, 1, 1, 1, 0, 0, 0, 0, 1, 0, 0, 1, 0, 1, 0, 0, 1, 0, 0, 0, 0, 0, 0, 0, 0, 0])
Fitness:  3396.6997725793503

Execução 2:

Tempo de Inicio (hh:mm:ss.ms) 2019-09-17 11:54:51.124555
gen	min     	max     	avg     	std   
0  	4.268,85	5.102,48	4.705,54	120,81
1  	4.171,83	5.044,92	4.628,97	125,556
280	3.382,66	5.063,97	3.779,96	609,855
Tempo de Termino (hh:mm:ss.ms) 2019-09-17 12:13:45.333463
Tempo Total (hh:mm:ss.ms) 0:18:54.208908
Individuo: ([17, 35, 8, 4, 16, 21, 22, 5, 36, 2, 0, 18, 23, 31, 27, 13, 29, 28, 20, 9, 12, 15, 39, 10, 14, 26, 33, 32, 1, 37, 11, 19, 38, 24, 25, 3, 6, 7, 30, 34], [0, 0, 0, 0, 1, 1, 1, 1, 1, 1, 1, 1, 1, 0, 1, 1, 1, 1, 1, 1, 1, 1, 0, 1, 1, 1, 0, 1, 1, 1, 1, 1, 0, 0, 0, 0, 0, 0, 0, 1])
Fitness:  3382.658961960914

Execução 3:

Tempo de Inicio (hh:mm:ss.ms) 2019-09-17 12:13:47.019272
gen	min     	max     	avg     	std    
0  	4.253,79	5.116,08	4.705,12	120,762
1  	4.146,78	5.093,78	4.630,36	124,163
271	3.357,94	5.053,54	3.762,52	619,955
Tempo de Termino (hh:mm:ss.ms) 2019-09-17 12:28:40.162990
Tempo Total (hh:mm:ss.ms) 0:14:53.143718
Individuo: ([35, 17, 22, 21, 16, 8, 38, 24, 5, 25, 1, 19, 4, 11, 32, 37, 7, 30, 34, 33, 26, 14, 10, 12, 9, 39, 15, 6, 3, 28, 29, 20, 13, 27, 31, 23, 18, 0, 2, 36], [0, 0, 0, 0, 1, 0, 0, 0, 0, 1, 0, 1, 0, 0, 0, 0, 0, 0, 0, 1, 0, 0, 1, 0, 0, 0, 0, 1, 1, 1, 0, 1, 0, 0, 1, 0, 0, 0, 0, 0])
Fitness:  3357.9412008063905

Execução 4:

Tempo de Inicio (hh:mm:ss.ms) 2019-09-17 12:28:41.499557
gen	min     	max     	avg     	std    
0  	4.275,42	5.070,03	4.704,88	120,415
1  	4.219,58	5.053,59	4.630,39	124,841
304	3.372,67	5.016,38	3.773,35	614,117
Tempo de Termino (hh:mm:ss.ms) 2019-09-17 12:46:19.920430
Tempo Total (hh:mm:ss.ms) 0:17:38.420873
Individuo: ([17, 22, 21, 35, 38, 19, 16, 8, 4, 11, 37, 1, 24, 25, 2, 0, 31, 23, 18, 36, 5, 3, 27, 13, 20, 9, 39, 28, 29, 15, 6, 7, 32, 34, 14, 26, 33, 30, 10, 12], [0, 0, 0, 1, 1, 0, 1, 0, 0, 0, 0, 1, 1, 0, 0, 0, 0, 0, 0, 0, 1, 1, 1, 1, 0, 0, 0, 0, 0, 0, 1, 0, 0, 1, 1, 1, 0, 1, 1, 0])
Fitness:  3372.6746139150605

Execução 5:

Tempo de Inicio (hh:mm:ss.ms) 2019-09-17 12:46:22.300318
gen	min     	max     	avg    	std    
0  	4.192,23	5.160,08	4.703,8	121,039
1  	4.152,19	5.070,78	4.632,35	127,223
309	3.390,93	5.067,61	3.785,22	605,333
Tempo de Termino (hh:mm:ss.ms) 2019-09-17 13:03:04.513216
Tempo Total (hh:mm:ss.ms) 0:16:42.212898
Individuo: ([17, 35, 16, 8, 21, 22, 5, 38, 4, 32, 30, 10, 14, 26, 33, 34, 15, 13, 27, 31, 23, 18, 0, 2, 36, 24, 25, 3, 6, 1, 19, 11, 37, 7, 39, 28, 29, 20, 9, 12], [0, 0, 0, 1, 1, 1, 1, 1, 0, 0, 1, 1, 1, 1, 0, 1, 1, 0, 0, 1, 0, 0, 0, 0, 0, 0, 0, 0, 0, 0, 1, 0, 0, 0, 1, 0, 0, 1, 1, 1])
Fitness:  3390.9264811315797

