BRKGA:

Execução 1:

Tempo de Inicio (hh:mm:ss.ms) 2019-09-16 09:29:54.110184
gen	min   	max    	avg   	std    
0  	4029.9	4832.95	4435.6	114.322
1  	3993.73	4797.26	4368.06	117.736
329	3221.25	4792.31	3586.45	560.102
Tempo de Termino (hh:mm:ss.ms) 2019-09-16 09:47:13.703389
Tempo Total (hh:mm:ss.ms) 0:17:19.593205
Individuo: ([31, 15, 20, 19, 14, 10, 35, 1, 17, 5, 11, 34, 7, 13, 18, 12, 24, 26, 25, 4, 23, 6, 33, 16, 21, 28, 0, 2, 22, 9, 27, 29, 30, 32, 8, 3], [0, 0, 0, 0, 1, 0, 0, 0, 1, 0, 0, 0, 0, 1, 1, 0, 0, 0, 0, 0, 0, 0, 1, 1, 1, 0, 1, 1, 0, 0, 0, 1, 1, 0, 0, 0])
Fitness:  3221.250632226602

Execução 2:

Tempo de Inicio (hh:mm:ss.ms) 2019-09-16 09:47:17.581550
gen	min    	max     	avg     	std    
0  	3.981,2	4.787,19	4.435,58	113,449
1  	3.969,6	4.799,74	4.367,23	117,049
270	3.207,69	4.801,35	3.578,38	567,768
Tempo de Termino (hh:mm:ss.ms) 2019-09-16 10:00:57.440968
Tempo Total (hh:mm:ss.ms) 0:13:39.859418
Individuo: ([15, 31, 10, 5, 11, 14, 19, 20, 33, 2, 0, 16, 21, 28, 23, 22, 35, 6, 4, 24, 12, 18, 26, 25, 13, 9, 34, 17, 1, 7, 27, 3, 8, 32, 30, 29], [0, 0, 0, 0, 0, 1, 1, 1, 1, 1, 1, 1, 1, 0, 1, 1, 1, 1, 1, 1, 1, 0, 1, 1, 0, 1, 1, 0, 1, 0, 0, 1, 1, 1, 0, 1])
Fitness:  3207.687345170253

Execução 3:

Tempo de Inicio (hh:mm:ss.ms) 2019-09-16 10:00:58.678685
gen	min     	max     	avg     	std    
0  	3.980,48	4.806,51	4.437,29	113,894
1  	3.980,48	4.782,78	4.366,57	117,265
282	3.249,79	4.787,98	3.606,9 	546,252
Tempo de Termino (hh:mm:ss.ms) 2019-09-16 10:15:06.565543
Tempo Total (hh:mm:ss.ms) 0:14:07.886858
Individuo: ([15, 20, 19, 31, 14, 10, 5, 11, 34, 22, 35, 17, 1, 23, 4, 25, 12, 24, 26, 3, 27, 29, 30, 32, 8, 18, 13, 7, 9, 28, 21, 16, 0, 2, 33, 6], [0, 0, 0, 0, 0, 0, 0, 0, 0, 1, 1, 0, 1, 0, 1, 1, 0, 0, 0, 0, 1, 0, 1, 0, 0, 0, 0, 1, 0, 1, 0, 0, 0, 0, 0, 1])
Fitness:  3249.7860934872047

Execução 4:

Tempo de Inicio (hh:mm:ss.ms) 2019-09-16 10:15:08.053352
gen	min  	max     	avg     	std    
0  	4.014	4.796,87	4.435,67	114,155
1  	3.921,13	4.833,36	4.366,63	118,179
288	3.222,78	4.738,77	3.587,43	559,887
Tempo de Termino (hh:mm:ss.ms) 2019-09-16 10:30:50.828047
Tempo Total (hh:mm:ss.ms) 0:15:42.774695
Individuo: ([31, 15, 20, 19, 10, 14, 11, 5, 17, 35, 22, 1, 34, 9, 7, 4, 0, 16, 21, 28, 6, 33, 2, 23, 24, 12, 18, 26, 25, 13, 27, 30, 3, 8, 32, 29], [0, 0, 0, 0, 1, 0, 1, 1, 1, 0, 0, 0, 0, 0, 1, 1, 1, 1, 1, 0, 0, 1, 1, 1, 1, 1, 0, 1, 1, 0, 0, 0, 1, 1, 1, 1])
Fitness:  3222.778677143021

Execução 5:

Tempo de Inicio (hh:mm:ss.ms) 2019-09-16 10:30:52.432949
gen	min     	max     	avg     	std    
0  	3.978,95	4.780,72	4.436,64	113,356
1  	3.960,34	4.795,02	4.368,48	117,047
270	3.271,21	4.773,79	3.621,52	537,531
Tempo de Termino (hh:mm:ss.ms) 2019-09-16 10:45:50.650246
Tempo Total (hh:mm:ss.ms) 0:14:58.217297
Individuo: ([15, 20, 19, 31, 10, 14, 11, 5, 17, 35, 22, 9, 27, 32, 8, 13, 25, 4, 7, 3, 30, 29, 34, 1, 6, 23, 24, 26, 18, 12, 28, 2, 0, 21, 16, 33], [0, 0, 0, 1, 1, 0, 1, 1, 1, 0, 0, 0, 0, 0, 0, 0, 0, 0, 0, 0, 1, 1, 0, 0, 1, 0, 0, 0, 1, 0, 0, 0, 0, 0, 0, 0])
Fitness:  3271.2062908006324

