BRKGA:

Execução 1:

Tempo de Inicio (hh:mm:ss.ms) 2019-09-15 18:16:57.774657
gen	min     	max     	avg     	std    
0  	2.918,76	3.599,26	3.295,52	104,064
1  	2.876,07	3.586,44	3.230,93	107,065
238	2.421,57	3.597,36	2.685,15	404,587
Tempo de Termino (hh:mm:ss.ms) 2019-09-15 18:26:24.375526
Tempo Total (hh:mm:ss.ms) 0:09:26.600869
Individuo: ([25, 11, 13, 4, 7, 2, 22, 14, 0, 17, 10, 21, 1, 26, 3, 24, 15, 19, 12, 6, 23, 18, 8, 5, 9, 20, 16, 27], [0, 0, 0, 1, 0, 0, 0, 1, 0, 1, 0, 0, 1, 0, 0, 0, 1, 0, 0, 0, 0, 0, 0, 0, 1, 0, 0, 0])
Fitness:  2421.5700208246167

Execução 2:

Tempo de Inicio (hh:mm:ss.ms) 2019-09-15 18:26:25.554303
gen	min     	max     	avg     	std    
0  	2.888,36	3.613,56	3.294,56	104,754
1  	2.843,15	3.606,79	3.228,55	107,147
241	2.385,05	3.587,51	2.659,74	420,301
Tempo de Termino (hh:mm:ss.ms) 2019-09-15 18:36:03.935462
Tempo Total (hh:mm:ss.ms) 0:09:38.381159
Individuo: ([25, 11, 13, 12, 18, 6, 23, 2, 8, 24, 15, 19, 7, 20, 16, 27, 4, 3, 26, 1, 5, 9, 14, 22, 17, 0, 21, 10], [0, 0, 0, 0, 0, 0, 0, 0, 0, 0, 1, 0, 0, 0, 0, 0, 1, 1, 1, 0, 1, 0, 0, 0, 1, 1, 1, 1])
Fitness:  2385.048710871002

Execução 3:

Tempo de Inicio (hh:mm:ss.ms) 2019-09-15 18:36:05.142950
gen	min     	max    	avg     	std    
0  	2.893,49	3.624,6	3.295,77	104,943
1  	2.883,4 	3.586,23	3.230,33	106,19 
268	2.399,51	3.570,07	2.674,37	411,693
Tempo de Termino (hh:mm:ss.ms) 2019-09-15 18:46:49.940788
Tempo Total (hh:mm:ss.ms) 0:10:44.797838
Individuo: ([11, 25, 12, 13, 4, 27, 16, 20, 24, 7, 19, 15, 23, 6, 18, 2, 22, 8, 5, 1, 26, 3, 9, 14, 0, 21, 10, 17], [0, 0, 1, 1, 0, 1, 1, 1, 1, 1, 1, 0, 1, 1, 0, 1, 1, 0, 0, 1, 0, 0, 0, 0, 1, 1, 1, 0])
Fitness:  2399.508615899215

Execução 4:

Tempo de Inicio (hh:mm:ss.ms) 2019-09-15 18:46:51.010904
gen	min     	max    	avg     	std    
0  	2.894,75	3.631,2	3.296,74	104,369
1  	2.839,12	3.602,51	3.230,55	105,129
250	2.379,88	3.565,3 	2.655,83	422,294
Tempo de Termino (hh:mm:ss.ms) 2019-09-15 18:56:51.484061
Tempo Total (hh:mm:ss.ms) 0:10:00.473157
Individuo: ([11, 13, 12, 25, 18, 6, 23, 2, 8, 24, 15, 19, 7, 4, 27, 16, 20, 3, 26, 9, 5, 1, 21, 10, 17, 0, 14, 22], [0, 0, 0, 0, 0, 0, 0, 0, 0, 0, 1, 0, 0, 0, 1, 1, 1, 1, 1, 1, 0, 1, 1, 1, 0, 1, 0, 1])
Fitness:  2379.8844109137835

Execução 5:

Tempo de Inicio (hh:mm:ss.ms) 2019-09-15 18:56:52.607066
gen	min     	max     	avg     	std    
0  	2.887,61	3.599,61	3.295,21	104,592
1  	2.887,61	3.602,52	3.228,74	106,114
270	2.393,44	3.587,22	2.664,98	417,737
Tempo de Termino (hh:mm:ss.ms) 2019-09-15 19:07:42.443840
Tempo Total (hh:mm:ss.ms) 0:10:49.836774
Individuo: ([25, 11, 13, 12, 6, 19, 7, 24, 2, 8, 3, 26, 5, 9, 14, 0, 1, 21, 10, 17, 22, 18, 23, 15, 4, 27, 16, 20], [0, 0, 0, 0, 0, 0, 0, 0, 0, 0, 1, 1, 1, 0, 0, 1, 1, 1, 1, 0, 1, 1, 0, 1, 0, 1, 1, 1])
Fitness:  2393.4373232811663

