BRKGA:

Execução 1:

Tempo de Inicio (hh:mm:ss.ms) 2019-09-15 17:29:55.640554
gen	min     	max     	avg     	std    
0  	2.312,61	2.911,02	2.653,75	84,7687
1  	2.312,61	2.900,59	2.603,01	88,9968
241	1.952,49	2.873,88	2.167,31	321,774
Tempo de Termino (hh:mm:ss.ms) 2019-09-15 17:38:37.036833
Tempo Total (hh:mm:ss.ms) 0:08:41.396279
Individuo: ([10, 19, 12, 13, 3, 15, 20, 0, 4, 16, 18, 8, 2, 6, 9, 22, 11, 23, 14, 5, 17, 7, 1, 21], [0, 0, 1, 1, 1, 0, 0, 0, 0, 0, 1, 1, 1, 1, 0, 0, 1, 0, 0, 0, 1, 0, 0, 0])
Fitness:  1952.4924225024706

Execução 2:

Tempo de Inicio (hh:mm:ss.ms) 2019-09-15 17:38:37.964586
gen	min     	max     	avg     	std    
0  	2.256,39	2.906,97	2.655,28	83,8834
1  	2.256,39	2.886,53	2.603,14	88,4127
267	1.971,28	2.889,08	2.176,34	315,883
Tempo de Termino (hh:mm:ss.ms) 2019-09-15 17:48:10.983098
Tempo Total (hh:mm:ss.ms) 0:09:33.018512
Individuo: ([19, 10, 13, 12, 9, 6, 2, 8, 22, 4, 5, 20, 15, 11, 23, 14, 0, 18, 16, 17, 7, 1, 21, 3], [0, 0, 0, 0, 1, 0, 0, 0, 0, 0, 1, 1, 1, 1, 0, 0, 0, 0, 1, 1, 0, 0, 0, 1])
Fitness:  1971.2753220311918

Execução 3:

Tempo de Inicio (hh:mm:ss.ms) 2019-09-15 17:48:11.904132
gen	min    	max    	avg     	std    
0  	2.322,6	2.916,1	2.656,47	83,9766
1  	2.317,75	2.890,06	2.604,67	86,9367
339	1.959,01	2.874,4 	2.166,97	320,724
Tempo de Termino (hh:mm:ss.ms) 2019-09-15 18:00:11.514206
Tempo Total (hh:mm:ss.ms) 0:11:59.610074
Individuo: ([10, 13, 12, 19, 6, 9, 8, 2, 23, 11, 0, 22, 18, 16, 17, 7, 20, 5, 4, 14, 15, 1, 21, 3], [0, 0, 0, 1, 1, 0, 1, 1, 1, 0, 1, 1, 0, 1, 1, 0, 0, 0, 1, 1, 0, 0, 0, 1])
Fitness:  1959.0134293579163

Execução 4:

Tempo de Inicio (hh:mm:ss.ms) 2019-09-15 18:00:12.426219
gen	min     	max    	avg     	std    
0  	2.331,33	2.907,1	2.653,99	83,5035
1  	2.300,06	2.882,59	2.603,61	86,9137
221	1.977,45	2.879,1 	2.180,98	312,568
Tempo de Termino (hh:mm:ss.ms) 2019-09-15 18:08:11.999952
Tempo Total (hh:mm:ss.ms) 0:07:59.573733
Individuo: ([19, 10, 3, 13, 21, 1, 7, 17, 5, 20, 15, 14, 11, 0, 22, 9, 6, 12, 23, 2, 8, 18, 16, 4], [0, 0, 1, 1, 1, 1, 1, 0, 1, 1, 1, 1, 0, 1, 1, 1, 0, 1, 1, 0, 0, 0, 1, 1])
Fitness:  1977.4536500156933

Execução 5:

Tempo de Inicio (hh:mm:ss.ms) 2019-09-15 18:08:13.088019
gen	min     	max     	avg     	std    
0  	2.305,08	2.917,02	2.654,09	84,2713
1  	2.305,08	2.902,3 	2.602,24	88,5001
242	1.977,06	2.900,31	2.179,81	312,739
Tempo de Termino (hh:mm:ss.ms) 2019-09-15 18:16:56.800515
Tempo Total (hh:mm:ss.ms) 0:08:43.712496
Individuo: ([19, 10, 3, 13, 21, 1, 15, 14, 12, 6, 2, 8, 9, 22, 23, 11, 0, 20, 7, 17, 5, 4, 16, 18], [0, 0, 1, 1, 1, 1, 1, 1, 0, 0, 0, 0, 0, 0, 1, 0, 1, 1, 1, 0, 1, 0, 0, 1])
Fitness:  1977.0648448793575

