BRKGA:

Execução 1:

Tempo de Inicio (hh:mm:ss.ms) 2019-09-15 16:27:08.426913
gen	min     	max     	avg     	std    
0  	1.425,72	1.868,19	1.675,03	71,9207
1  	1.377,46	1.858,66	1.628,71	78,7932
196	1.240,59	1.874,17	1.373,8 	201,013
Tempo de Termino (hh:mm:ss.ms) 2019-09-15 16:32:36.500153
Tempo Total (hh:mm:ss.ms) 0:05:28.073240
Individuo: ([8, 5, 6, 15, 14, 9, 10, 13, 7, 3, 0, 11, 12, 1, 2, 4], [0, 1, 1, 1, 1, 0, 0, 0, 0, 1, 1, 1, 1, 0, 0, 0])
Fitness:  1240.5882970490452

Execução 2:

Tempo de Inicio (hh:mm:ss.ms) 2019-09-15 16:32:37.365261
gen	min     	max     	avg     	std    
0  	1.416,35	1.880,94	1.675,85	74,1468
1  	1.397,98	1.866,46	1.628   	79,665 
201	1.230   	1.876,86	1.366,25	207,81 
Tempo de Termino (hh:mm:ss.ms) 2019-09-15 16:38:12.262480
Tempo Total (hh:mm:ss.ms) 0:05:34.897219
Individuo: ([15, 8, 5, 6, 14, 7, 3, 0, 11, 13, 10, 12, 4, 2, 1, 9], [0, 0, 1, 1, 0, 0, 1, 1, 1, 1, 1, 0, 1, 1, 1, 1])
Fitness:  1230.0

Execução 3:

Tempo de Inicio (hh:mm:ss.ms) 2019-09-15 16:38:13.088332
gen	min     	max     	avg     	std    
0  	1.386,17	1.890,33	1.674,38	72,7435
1  	1.386,17	1.884   	1.627,85	78,8993
193	1.238   	1.873,62	1.373,7 	201,383
Tempo de Termino (hh:mm:ss.ms) 2019-09-15 16:43:36.357957
Tempo Total (hh:mm:ss.ms) 0:05:23.269625
Individuo: ([15, 8, 5, 6, 14, 7, 3, 0, 11, 13, 10, 9, 12, 4, 2, 1], [0, 0, 1, 1, 0, 0, 1, 1, 1, 1, 1, 0, 0, 1, 1, 1])
Fitness:  1238.0

Execução 4:

Tempo de Inicio (hh:mm:ss.ms) 2019-09-15 16:43:37.187522
gen	min     	max     	avg     	std    
0  	1.402,04	1.879,57	1.676,46	73,0581
1  	1.397,96	1.859,74	1.628,19	77,8576
203	1.240,59	1.866,79	1.375,72	201,64 
Tempo de Termino (hh:mm:ss.ms) 2019-09-15 16:49:13.964859
Tempo Total (hh:mm:ss.ms) 0:05:36.777337
Individuo: ([8, 5, 6, 15, 14, 9, 10, 13, 11, 0, 3, 7, 12, 1, 2, 4], [0, 1, 1, 1, 1, 0, 0, 0, 0, 0, 0, 1, 1, 0, 0, 0])
Fitness:  1240.5882970490452

Execução 5:

Tempo de Inicio (hh:mm:ss.ms) 2019-09-15 16:49:14.781474
gen	min     	max     	avg     	std    
0  	1.405,26	1.869,89	1.675,74	73,4482
1  	1.396,19	1.874,63	1.628,79	78,995 
198	1.230   	1.865,64	1.372,71	201,434
Tempo de Termino (hh:mm:ss.ms) 2019-09-15 16:54:49.777703
Tempo Total (hh:mm:ss.ms) 0:05:34.996229
Individuo: ([15, 8, 5, 6, 14, 11, 0, 3, 7, 13, 10, 12, 4, 2, 1, 9], [0, 0, 1, 1, 0, 0, 0, 0, 1, 1, 1, 0, 1, 1, 1, 1])
Fitness:  1230.0

