BRKGA:

Execução 1:

Tempo de Inicio (hh:mm:ss.ms) 2019-09-15 16:54:50.609611
gen	min     	max     	avg     	std    
0  	1.764,79	2.297,91	2.094,08	70,7884
1  	1.764,79	2.304,75	2.048,84	76,6562
215	1.554,99	2.281,1 	1.727,91	244,154
Tempo de Termino (hh:mm:ss.ms) 2019-09-15 17:01:43.788151
Tempo Total (hh:mm:ss.ms) 0:06:53.178540
Individuo: ([17, 15, 10, 6, 11, 12, 5, 13, 4, 1, 14, 7, 9, 0, 19, 8, 18, 16, 2, 3], [0, 0, 0, 0, 0, 1, 1, 0, 0, 0, 0, 0, 0, 1, 1, 1, 1, 0, 0, 1])
Fitness:  1554.9939521853426

Execução 2:

Tempo de Inicio (hh:mm:ss.ms) 2019-09-15 17:01:44.663483
gen	min     	max  	avg     	std    
0  	1.754,76	2.295	2.093,91	71,4339
1  	1.754,76	2.282,88	2.049,43	77,5526
222	1.532,83	2.286,1 	1.702,06	259,226
Tempo de Termino (hh:mm:ss.ms) 2019-09-15 17:08:45.643837
Tempo Total (hh:mm:ss.ms) 0:07:00.980354
Individuo: ([17, 6, 11, 10, 15, 12, 1, 4, 13, 5, 14, 7, 9, 0, 19, 8, 18, 16, 2, 3], [0, 0, 0, 0, 0, 1, 1, 1, 1, 0, 0, 0, 0, 1, 1, 1, 0, 0, 0, 1])
Fitness:  1532.8284271247462

Execução 3:

Tempo de Inicio (hh:mm:ss.ms) 2019-09-15 17:08:46.474219
gen	min     	max     	avg     	std    
0  	1.819,42	2.293,29	2.093,29	71,5421
1  	1.800,67	2.301,84	2.047,31	77,6554
220	1.548,92	2.286,02	1.712,71	251,684
Tempo de Termino (hh:mm:ss.ms) 2019-09-15 17:15:45.473339
Tempo Total (hh:mm:ss.ms) 0:06:58.999120
Individuo: ([6, 17, 3, 2, 16, 15, 10, 12, 9, 7, 14, 1, 4, 13, 5, 11, 18, 8, 19, 0], [0, 0, 0, 1, 1, 1, 1, 0, 1, 1, 1, 1, 1, 1, 0, 0, 1, 0, 0, 0])
Fitness:  1548.9163862334206

Execução 4:

Tempo de Inicio (hh:mm:ss.ms) 2019-09-15 17:15:46.316468
gen	min     	max     	avg     	std    
0  	1.796,14	2.302,07	2.094,48	71,2914
1  	1.794,58	2.286,83	2.049,4 	77,7625
222	1.535,3 	2.303,28	1.705,4 	258,226
Tempo de Termino (hh:mm:ss.ms) 2019-09-15 17:22:50.558622
Tempo Total (hh:mm:ss.ms) 0:07:04.242154
Individuo: ([17, 6, 13, 4, 1, 5, 11, 9, 7, 14, 12, 18, 8, 19, 0, 10, 15, 16, 2, 3], [0, 0, 0, 0, 0, 1, 0, 1, 1, 1, 0, 1, 0, 0, 0, 0, 0, 0, 0, 1])
Fitness:  1535.3005630797459

Execução 5:

Tempo de Inicio (hh:mm:ss.ms) 2019-09-15 17:22:51.432044
gen	min    	max     	avg     	std    
0  	1.798,4	2.314,09	2.094,49	71,2734
1  	1.798,4	2.280,43	2.048,97	77,0204
221	1.564,69	2.300,17	1.724,65	245,077
Tempo de Termino (hh:mm:ss.ms) 2019-09-15 17:29:54.793739
Tempo Total (hh:mm:ss.ms) 0:07:03.361695
Individuo: ([6, 17, 10, 16, 8, 19, 0, 18, 9, 7, 14, 5, 13, 4, 1, 11, 12, 15, 3, 2], [0, 0, 1, 0, 0, 0, 0, 0, 1, 1, 1, 1, 0, 0, 0, 0, 0, 1, 0, 1])
Fitness:  1564.6904615296562

