BRKGA:

Execução 1:

Tempo de Inicio (hh:mm:ss.ms) 2019-09-15 19:07:43.652111
gen	min     	max     	avg     	std    
0  	3.275,79	4.078,22	3.735,36	105,632
1  	3.275,79	4.081,07	3.668,31	108,304
284	2.752,98	4.036,34	3.049,85	453,182
Tempo de Termino (hh:mm:ss.ms) 2019-09-15 19:20:25.092101
Tempo Total (hh:mm:ss.ms) 0:12:41.439990
Individuo: ([28, 16, 19, 3, 22, 5, 23, 9, 15, 7, 12, 17, 31, 24, 10, 8, 0, 25, 26, 27, 13, 29, 21, 6, 20, 18, 30, 2, 1, 4, 11, 14], [0, 0, 0, 1, 0, 0, 0, 1, 0, 1, 1, 1, 1, 1, 0, 0, 0, 1, 1, 0, 0, 1, 0, 1, 1, 1, 1, 1, 1, 1, 1, 0])
Fitness:  2752.981925977954

Execução 2:

Tempo de Inicio (hh:mm:ss.ms) 2019-09-15 19:20:26.282551
gen	min  	max     	avg     	std    
0  	3.368	4.047,08	3.736,79	103,636
1  	3.321,19	4.030,84	3.671,27	105,979
261	2.691,95	4.034,75	3.006,96	483,47 
Tempo de Termino (hh:mm:ss.ms) 2019-09-15 19:31:55.978885
Tempo Total (hh:mm:ss.ms) 0:11:29.696334
Individuo: ([28, 16, 19, 18, 20, 26, 25, 3, 30, 2, 1, 4, 11, 14, 8, 10, 24, 12, 23, 22, 17, 31, 0, 5, 27, 6, 13, 29, 21, 9, 7, 15], [0, 0, 0, 0, 0, 0, 0, 0, 1, 1, 1, 1, 1, 0, 1, 1, 0, 0, 1, 1, 0, 0, 0, 0, 1, 0, 0, 0, 0, 0, 0, 1])
Fitness:  2691.9468007829564

Execução 3:

Tempo de Inicio (hh:mm:ss.ms) 2019-09-15 19:31:57.096274
gen	min     	max     	avg     	std    
0  	3.324,38	4.055,76	3.737,61	104,031
1  	3.300,92	4.022,35	3.673,91	107,374
264	2.697,71	4.030,71	3.009,77	479,191
Tempo de Termino (hh:mm:ss.ms) 2019-09-15 19:43:32.730533
Tempo Total (hh:mm:ss.ms) 0:11:35.634259
Individuo: ([16, 28, 18, 19, 22, 3, 30, 2, 1, 4, 11, 14, 8, 10, 24, 31, 17, 12, 9, 21, 15, 7, 23, 0, 13, 29, 20, 6, 5, 25, 26, 27], [0, 0, 1, 1, 1, 0, 1, 1, 1, 1, 1, 0, 1, 1, 0, 0, 0, 0, 1, 1, 0, 1, 1, 1, 0, 1, 0, 0, 1, 1, 1, 0])
Fitness:  2697.712781740727

Execução 4:

Tempo de Inicio (hh:mm:ss.ms) 2019-09-15 19:43:33.854447
gen	min     	max     	avg     	std    
0  	3.282,42	4.058,77	3.734,72	103,862
1  	3.282,42	4.061,21	3.669,9 	107,338
267	2.729,98	4.027,82	3.032,29	463,453
Tempo de Termino (hh:mm:ss.ms) 2019-09-15 19:55:20.442030
Tempo Total (hh:mm:ss.ms) 0:11:46.587583
Individuo: ([16, 28, 18, 19, 3, 30, 4, 11, 2, 1, 14, 8, 10, 24, 17, 31, 12, 9, 23, 0, 22, 5, 27, 26, 25, 21, 13, 6, 20, 29, 15, 7], [0, 0, 1, 1, 0, 1, 1, 1, 0, 0, 1, 1, 1, 0, 1, 1, 0, 1, 1, 1, 1, 0, 1, 0, 0, 1, 1, 1, 1, 0, 0, 1])
Fitness:  2729.9779314061752

Execução 5:

Tempo de Inicio (hh:mm:ss.ms) 2019-09-15 19:55:21.600012
gen	min    	max     	avg     	std    
0  	3.319,2	4.062,67	3.737,84	103,641
1  	3.262,7	4.067,05	3.671,63	106,468
292	2.751,8 	4.035,52	3.047,57	453,936
Tempo de Termino (hh:mm:ss.ms) 2019-09-15 20:08:11.621389
Tempo Total (hh:mm:ss.ms) 0:12:50.021377
Individuo: ([28, 16, 19, 3, 30, 1, 11, 4, 2, 26, 18, 6, 13, 29, 20, 27, 5, 25, 22, 14, 8, 17, 24, 10, 31, 0, 23, 12, 7, 9, 21, 15], [0, 0, 0, 0, 1, 0, 0, 0, 1, 1, 0, 0, 0, 1, 0, 0, 1, 1, 0, 1, 0, 0, 1, 0, 0, 0, 0, 1, 1, 1, 1, 0])
Fitness:  2751.795913154489

