36 86
0.0 14.0 9.0 14.0 9.00
0.0 14.0 0.0 0.0 14.00
0.0 14.0 0.0 28.0 14.00
0.0 14.0 14.0 14.0 14.00
0.0 0.0 0.0 14.0 14.00
0.0 0.0 14.0 0.0 14.00
14.0 0.0 14.0 10.0 10.00
14.0 0.0 0.0 0.0 14.00
14.0 0.0 24.0 0.0 10.00
14.0 0.0 14.0 14.0 14.00
14.0 14.0 0.0 14.0 14.00
14.0 14.0 14.0 0.0 14.00
0.0 28.0 0.0 14.0 14.00
0.0 28.0 0.0 37.0 9.00
0.0 28.0 10.0 28.0 10.00
0.0 28.0 9.0 28.0 9.00
9.0 14.0 19.0 14.0 10.00
9.0 14.0 0.0 14.0 9.00
9.0 14.0 9.0 24.0 10.00
9.0 14.0 9.0 28.0 14.00
9.0 28.0 9.0 14.0 14.00
9.0 28.0 0.0 28.0 9.00
19.0 28.0 9.0 24.0 10.77
19.0 28.0 19.0 14.0 14.00
9.0 24.0 19.0 28.0 10.77
9.0 24.0 9.0 14.0 10.00
19.0 14.0 19.0 28.0 14.00
19.0 14.0 9.0 14.0 10.00
24.0 10.0 14.0 10.0 10.00
24.0 10.0 24.0 0.0 10.00
14.0 10.0 24.0 10.0 10.00
14.0 10.0 14.0 0.0 10.00
24.0 0.0 31.0 12.0 13.89
24.0 0.0 38.0 0.0 14.00
24.0 0.0 14.0 0.0 10.00
24.0 0.0 24.0 10.0 10.00
19.0 20.0 19.0 10.0 10.00
19.0 20.0 29.0 20.0 10.00
19.0 20.0 33.0 20.0 14.00
19.0 20.0 19.0 34.0 14.00
19.0 10.0 29.0 10.0 10.00
19.0 10.0 19.0 20.0 10.00
29.0 10.0 19.0 10.0 10.00
29.0 10.0 29.0 20.0 10.00
29.0 20.0 19.0 20.0 10.00
29.0 20.0 29.0 10.0 10.00
19.0 34.0 27.0 38.0 8.94
19.0 34.0 27.0 30.0 8.94
19.0 34.0 19.0 20.0 14.00
19.0 34.0 33.0 20.0 19.80
33.0 20.0 19.0 34.0 19.80
33.0 20.0 19.0 20.0 14.00
31.0 12.0 24.0 0.0 13.89
31.0 12.0 38.0 0.0 13.89
38.0 0.0 31.0 12.0 13.89
38.0 0.0 24.0 0.0 14.00
10.0 28.0 10.0 33.0 5.00
10.0 28.0 0.0 28.0 10.00
10.0 33.0 0.0 37.0 10.77
10.0 33.0 10.0 28.0 5.00
0.0 37.0 10.0 33.0 10.77
0.0 37.0 0.0 28.0 9.00
2.222 38.0 16.222 38.0 14.00
2.222 38.0 16.222 29.0 16.64
16.222 29.0 16.222 38.0 9.00
16.222 29.0 2.222 38.0 16.64
16.222 38.0 2.222 38.0 14.00
16.222 38.0 16.222 29.0 9.00
36.0 31.0 29.0 38.0 9.90
36.0 31.0 29.0 24.0 9.90
29.0 38.0 36.0 31.0 9.90
29.0 38.0 29.0 24.0 14.00
29.0 24.0 29.0 38.0 14.00
29.0 24.0 36.0 31.0 9.90
38.0 12.0 29.0 12.0 9.00
38.0 12.0 38.0 17.0 5.00
38.0 17.0 29.0 17.0 9.00
38.0 17.0 38.0 12.0 5.00
29.0 17.0 29.0 12.0 5.00
29.0 17.0 38.0 17.0 9.00
29.0 12.0 29.0 17.0 5.00
29.0 12.0 38.0 12.0 9.00
27.0 38.0 19.0 34.0 8.94
27.0 38.0 27.0 30.0 8.00
27.0 30.0 19.0 34.0 8.94
27.0 30.0 27.0 38.0 8.00
