13 32
0.0 14.0 14.0 14.0 14.00
0.0 14.0 0.0 0.0 14.00
0.0 14.0 0.0 28.0 14.00
0.0 14.0 9.0 14.0 9.00
0.0 0.0 0.0 14.0 14.00
0.0 0.0 14.0 0.0 14.00
14.0 0.0 0.0 0.0 14.00
14.0 0.0 14.0 14.0 14.00
14.0 0.0 14.0 10.0 10.00
14.0 0.0 24.0 0.0 10.00
14.0 14.0 14.0 0.0 14.00
14.0 14.0 0.0 14.0 14.00
0.0 28.0 9.0 28.0 9.00
0.0 28.0 0.0 14.0 14.00
9.0 14.0 0.0 14.0 9.00
9.0 14.0 9.0 28.0 14.00
9.0 14.0 9.0 24.0 10.00
9.0 14.0 19.0 14.0 10.00
9.0 28.0 9.0 14.0 14.00
9.0 28.0 0.0 28.0 9.00
19.0 28.0 19.0 14.0 14.00
19.0 28.0 9.0 24.0 10.77
9.0 24.0 19.0 28.0 10.77
9.0 24.0 9.0 14.0 10.00
19.0 14.0 9.0 14.0 10.00
19.0 14.0 19.0 28.0 14.00
24.0 10.0 24.0 0.0 10.00
24.0 10.0 14.0 10.0 10.00
14.0 10.0 24.0 10.0 10.00
14.0 10.0 14.0 0.0 10.00
24.0 0.0 14.0 0.0 10.00
24.0 0.0 24.0 10.0 10.00
