35
15323.0 44770.0 20751.0 32274.0
18694.0 17951.0 41519.0 14831.0
43414.0 5151.0 44770.0 0.0
23714.0 23625.0 18694.0 17940.0
13679.0 13653.0 11313.0 0.0
41048.0 16993.0 43414.0 5151.0
41048.0 16993.0 44770.0 16087.0
40247.0 28075.0 41048.0 16993.0
0.0 22798.0 209.0 0.0
11313.0 0.0 209.0 0.0
13679.0 13653.0 0.0 22798.0
0.0 22798.0 0.0 44770.0
44770.0 16087.0 44770.0 0.0
15323.0 44770.0 33007.0 44770.0
20751.0 32274.0 40247.0 28075.0
0.0 22798.0 13679.0 13669.0
13679.0 13653.0 30085.0 8486.0
18694.0 17951.0 13679.0 13669.0
30085.0 0.0 11313.0 0.0
44770.0 0.0 30085.0 0.0
30085.0 8486.0 43414.0 5151.0
23714.0 23625.0 20751.0 32274.0
18694.0 17940.0 13679.0 13653.0
39587.0 44770.0 44770.0 44770.0
43414.0 5151.0 41519.0 14831.0
39587.0 44770.0 33007.0 44770.0
39587.0 44770.0 40247.0 28075.0
44770.0 16087.0 44770.0 44770.0
13679.0 13669.0 11313.0 0.0
13679.0 13669.0 30085.0 8486.0
20751.0 32274.0 33007.0 44770.0
0.0 44770.0 15323.0 44770.0
30085.0 8486.0 30085.0 0.0
41048.0 16993.0 41519.0 14820.0
18694.0 17940.0 41519.0 14820.0
