38
2773.0 8000.0 7564.0 5199.0
2773.0 8000.0 6295.0 11413.0
12773.0 7276.0 10984.0 8130.0
8074.0 9910.0 7564.0 5199.0
7564.0 5199.0 7487.0 3721.0
6295.0 11413.0 8074.0 9910.0
10357.0 8015.0 10984.0 8130.0
9574.0 11413.0 10984.0 8130.0
9574.0 11413.0 12773.0 11413.0
2773.0 1413.0 4776.0 5429.0
2773.0 1413.0 7180.0 1413.0
12773.0 7276.0 12773.0 11413.0
4776.0 5429.0 6636.0 5741.0
2773.0 8000.0 2773.0 1413.0
4776.0 5429.0 7180.0 1413.0
7180.0 1413.0 7487.0 3721.0
12773.0 1413.0 12773.0 3630.0
8074.0 9910.0 9574.0 11413.0
10799.0 4090.0 12773.0 1413.0
10799.0 4090.0 12773.0 7276.0
7180.0 1413.0 10799.0 4090.0
2773.0 11413.0 2773.0 8000.0
12773.0 3630.0 12773.0 7276.0
10357.0 8015.0 7825.0 7611.0
10799.0 4090.0 12773.0 3630.0
10799.0 4090.0 10357.0 8015.0
7180.0 1413.0 12773.0 1413.0
7564.0 5199.0 6636.0 5741.0
7487.0 3721.0 10088.0 4321.0
10984.0 8130.0 7825.0 7611.0
6295.0 11413.0 9574.0 11413.0
7564.0 5199.0 7825.0 7611.0
8074.0 9910.0 7825.0 7611.0
7564.0 5199.0 10799.0 4090.0
2773.0 11413.0 6295.0 11413.0
2773.0 8000.0 6636.0 5741.0
7564.0 5199.0 10088.0 4321.0
10088.0 4321.0 10799.0 4090.0
