45
598.0 0.0 1198.0 0.0
598.0 0.0 0.0 0.0
1008.0 2146.0 1846.0 2146.0
839.0 599.0 839.0 1437.0
1558.0 899.0 1558.0 934.0
0.0 2276.0 538.0 2276.0
0.0 2276.0 0.0 1437.0
1846.0 2146.0 1846.0 1308.0
838.0 1437.0 839.0 1437.0
839.0 599.0 838.0 599.0
1437.0 839.0 1857.0 1259.0
1198.0 0.0 1796.0 0.0
1437.0 839.0 1437.0 1437.0
598.0 599.0 838.0 599.0
1858.0 395.0 1858.0 934.0
838.0 599.0 838.0 1437.0
1796.0 300.0 1796.0 0.0
1079.0 659.0 1558.0 420.0
1198.0 539.0 1198.0 599.0
839.0 1437.0 1420.0 1437.0
1198.0 599.0 839.0 599.0
0.0 599.0 598.0 599.0
1008.0 2146.0 1846.0 1308.0
1198.0 0.0 1198.0 539.0
1558.0 899.0 1079.0 659.0
1420.0 1437.0 1437.0 1437.0
582.0 1437.0 1000.0 2156.0
598.0 0.0 598.0 599.0
1437.0 1437.0 1437.0 1677.0
1198.0 539.0 1796.0 300.0
538.0 1437.0 1078.0 2276.0
582.0 1437.0 838.0 1437.0
1437.0 1677.0 1857.0 1259.0
0.0 599.0 0.0 0.0
1558.0 395.0 1558.0 420.0
1000.0 2156.0 1420.0 1437.0
538.0 1437.0 582.0 1437.0
1558.0 420.0 1558.0 899.0
1858.0 934.0 1558.0 934.0
0.0 1437.0 0.0 599.0
1437.0 839.0 839.0 599.0
538.0 1437.0 538.0 2276.0
538.0 2276.0 1078.0 2276.0
0.0 1437.0 538.0 1437.0
1558.0 395.0 1858.0 395.0
