48
29.0 17.0 29.0 20.0
36.0 31.0 29.0 38.0
36.0 31.0 29.0 24.0
19.0 14.0 19.0 10.0
19.0 28.0 19.0 34.0
29.0 20.0 33.0 20.0
19.0 34.0 29.0 24.0
38.0 17.0 29.0 17.0
14.0 0.0 14.0 10.0
0.0 14.0 0.0 28.0
19.0 20.0 19.0 28.0
29.0 12.0 31.0 12.0
0.0 28.0 9.0 28.0
9.0 14.0 9.0 24.0
19.0 14.0 19.0 20.0
9.0 28.0 10.0 28.0
29.0 10.0 29.0 12.0
29.0 17.0 29.0 12.0
9.0 14.0 14.0 14.0
19.0 34.0 27.0 38.0
10.0 28.0 10.0 33.0
38.0 12.0 38.0 17.0
14.0 10.0 14.0 14.0
16.222 29.0 16.222 38.0
0.0 14.0 0.0 0.0
31.0 12.0 38.0 0.0
24.0 10.0 29.0 10.0
9.0 24.0 9.0 28.0
19.0 10.0 24.0 10.0
2.222 38.0 16.222 29.0
0.0 28.0 0.0 37.0
24.0 0.0 31.0 12.0
9.0 24.0 19.0 28.0
14.0 0.0 24.0 0.0
24.0 0.0 24.0 10.0
24.0 0.0 38.0 0.0
29.0 38.0 29.0 24.0
29.0 24.0 33.0 20.0
19.0 34.0 27.0 30.0
14.0 14.0 19.0 14.0
19.0 10.0 14.0 10.0
38.0 12.0 31.0 12.0
10.0 33.0 0.0 37.0
2.222 38.0 16.222 38.0
27.0 38.0 27.0 30.0
0.0 14.0 9.0 14.0
0.0 0.0 14.0 0.0
19.0 20.0 29.0 20.0
