30
289.0 73.0 289.0 72.0
145.0 363.0 289.0 363.0
289.0 363.0 432.0 363.0
289.0 72.0 289.0 24.0
1.0 218.0 73.0 218.0
145.0 72.0 289.0 72.0
432.0 4.0 432.0 363.0
73.0 146.0 145.0 146.0
1.0 362.0 145.0 362.0
145.0 218.0 145.0 146.0
73.0 218.0 145.0 218.0
145.0 2.0 184.0 24.0
1.0 218.0 1.0 362.0
145.0 363.0 145.0 362.0
145.0 72.0 145.0 73.0
73.0 146.0 73.0 218.0
145.0 2.0 145.0 72.0
289.0 73.0 289.0 363.0
289.0 4.0 184.0 4.0
432.0 4.0 289.0 4.0
184.0 24.0 289.0 24.0
1.0 218.0 1.0 146.0
1.0 146.0 73.0 146.0
145.0 73.0 145.0 146.0
145.0 218.0 145.0 362.0
1.0 146.0 1.0 2.0
1.0 2.0 145.0 2.0
184.0 24.0 184.0 4.0
145.0 73.0 289.0 73.0
289.0 4.0 289.0 24.0
