40
8.0 5.0 8.0 10.0
2.0 0.0 4.0 1.0
8.0 5.0 8.0 0.0
6.0 14.0 6.0 15.0
4.0 0.0 8.0 0.0
4.0 7.0 4.0 8.0
6.0 10.0 6.0 12.0
4.0 15.0 0.0 15.0
2.0 12.0 0.0 15.0
6.0 12.0 8.0 12.0
4.0 0.0 4.0 1.0
4.0 8.0 6.0 10.0
1.0 10.0 0.0 9.0
2.0 5.0 0.0 4.0
5.0 5.0 4.0 5.0
1.0 6.0 0.0 7.0
4.0 4.0 4.0 5.0
4.0 6.0 4.0 7.0
3.0 6.0 4.0 7.0
4.0 8.0 4.0 9.0
0.0 1.0 2.0 0.0
6.0 15.0 5.0 15.0
6.0 10.0 3.0 10.0
4.0 1.0 4.0 4.0
1.0 10.0 3.0 10.0
2.0 5.0 4.0 4.0
5.0 5.0 8.0 5.0
6.0 12.0 6.0 14.0
2.0 12.0 4.0 15.0
8.0 14.0 6.0 14.0
8.0 12.0 8.0 14.0
8.0 10.0 6.0 10.0
1.0 6.0 3.0 6.0
4.0 6.0 5.0 5.0
5.0 15.0 2.0 12.0
4.0 9.0 3.0 10.0
0.0 9.0 0.0 7.0
0.0 1.0 0.0 4.0
1.0 10.0 1.0 11.0
2.0 12.0 1.0 11.0
