422
11971.0 18311.0 12771.0 18311.0
14466.0 17786.0 10066.0 17786.0
4892.0 19637.0 6992.0 19637.0
-2314.0 16693.0 -2314.0 15295.0
10395.0 18956.0 10595.0 19256.0
-2315.0 14516.0 -2315.0 14314.0
-7907.0 14716.0 -7307.0 14716.0
585.0 14616.0 -415.0 14916.0
-2841.0 15442.0 -3341.0 15242.0
3286.0 17043.0 3286.0 18093.0
4892.0 19637.0 4892.0 19837.0
16244.0 17397.0 16344.0 17897.0
-2315.0 17240.0 -7915.0 17240.0
11971.0 19211.0 11771.0 18411.0
4970.0 20074.0 10170.0 20074.0
14903.0 20375.0 14703.0 20275.0
-2315.0 18640.0 -2231.0 18598.0
-6415.0 19440.0 -7015.0 19140.0
-709.0 20241.0 -709.0 18841.0
13530.0 15912.0 13330.0 16112.0
10113.0 14312.0 10113.0 14512.0
11314.0 20799.0 10514.0 20799.0
7495.0 19656.0 4895.0 19556.0
10795.0 19312.0 10995.0 18512.0
-2314.0 16693.0 3286.0 16693.0
9183.0 14291.0 9183.0 14210.0
3287.0 17043.0 3887.0 17043.0
-7015.0 14814.0 -7915.0 14514.0
10914.0 19699.0 10514.0 19899.0
10395.0 18456.0 10395.0 18956.0
-4706.0 14580.0 -4706.0 14980.0
11314.0 19899.0 11514.0 20699.0
15086.0 16183.0 15086.0 16304.0
9395.0 20056.0 8395.0 19756.0
-4707.0 14882.0 -4707.0 15382.0
3285.0 12916.0 3285.0 14316.0
8986.0 16462.0 9186.0 16462.0
14930.0 15307.0 16230.0 15407.0
-709.0 18841.0 1991.0 18541.0
11995.0 19312.0 11795.0 19412.0
2386.0 14795.0 3286.0 15095.0
-7907.0 15516.0 -7907.0 14716.0
14878.0 19585.0 14878.0 18785.0
15678.0 19585.0 15378.0 19785.0
14603.0 19775.0 14703.0 19675.0
6991.0 19837.0 6991.0 20037.0
12212.0 14291.0 12212.0 14491.0
3286.0 17043.0 3287.0 17043.0
12419.0 19515.0 12219.0 20315.0
12219.0 19415.0 12419.0 19515.0
13900.0 20386.0 14046.0 20313.0
8786.0 16162.0 8986.0 16462.0
14271.0 18288.0 14271.0 17788.0
3286.0 15095.0 3286.0 15662.0
3285.0 12916.0 -2315.0 12916.0
11795.0 19412.0 10995.0 19412.0
7072.0 20575.0 9172.0 20575.0
-815.0 15116.0 -1415.0 14816.0
15103.0 19675.0 15203.0 19775.0
-7901.0 20643.0 -7901.0 20143.0
5572.0 16855.0 6572.0 17155.0
-2315.0 12916.0 -2315.0 14314.0
12333.0 20760.0 12133.0 20660.0
14883.0 13710.0 15083.0 13710.0
-3215.0 15339.0 -2315.0 15639.0
14877.0 19630.0 14392.0 19630.0
2930.0 14362.0 2930.0 14862.0
-2314.0 15295.0 386.0 14995.0
4130.0 14262.0 4330.0 14062.0
15083.0 14210.0 15133.0 14135.0
9183.0 14091.0 9183.0 14210.0
10112.0 14291.0 11283.0 14291.0
3286.0 16695.0 3286.0 16762.0
14730.0 15607.0 14930.0 15307.0
9183.0 13710.0 9183.0 12910.0
-2314.0 18293.0 -2314.0 16695.0
-3341.0 14442.0 -2741.0 14442.0
10112.0 14291.0 10112.0 14491.0
11795.0 18512.0 11995.0 19312.0
14730.0 15812.0 13530.0 15912.0
15634.0 14977.0 14334.0 14877.0
-7915.0 17239.0 -2315.0 17239.0
16047.0 20673.0 15447.0 20673.0
12771.0 18311.0 12971.0 18411.0
15767.0 17784.0 15767.0 17284.0
-6331.0 19398.0 -3631.0 19098.0
15247.0 19873.0 15547.0 19673.0
4970.0 20739.0 4970.0 20574.0
-3406.0 14680.0 -3406.0 14980.0
14683.0 13212.0 14883.0 12912.0
3286.0 16762.0 3286.0 16843.0
13683.0 14510.0 12683.0 14210.0
586.0 18393.0 -414.0 18693.0
3330.0 15162.0 3130.0 14862.0
3286.0 15662.0 3286.0 16693.0
10170.0 20074.0 10170.0 20574.0
14592.0 19730.0 14692.0 20230.0
16044.0 17297.0 16244.0 17397.0
4891.0 19837.0 4892.0 19837.0
15087.0 16624.0 16587.0 17024.0
14530.0 15312.0 14730.0 15312.0
12746.0 19312.0 12946.0 18512.0
15678.0 19585.0 15478.0 18785.0
14878.0 18785.0 15478.0 18785.0
15086.0 15704.0 15086.0 16183.0
-6415.0 15114.0 -6015.0 14914.0
-2541.0 15242.0 -2841.0 15442.0
12133.0 20660.0 12333.0 19860.0
13646.0 20513.0 13246.0 20313.0
16044.0 17297.0 15844.0 17397.0
14730.0 15607.0 14730.0 15312.0
-2231.0 18598.0 -1631.0 18898.0
-6910.0 20143.0 -7710.0 20143.0
4891.0 20037.0 4891.0 19837.0
-5907.0 14882.0 -4707.0 14882.0
8013.0 14312.0 8013.0 14512.0
-6015.0 19240.0 -6331.0 19398.0
-7915.0 14514.0 -7915.0 12914.0
14592.0 20330.0 14192.0 20330.0
-7910.0 20043.0 -7710.0 20143.0
16183.0 13612.0 16183.0 13012.0
2930.0 14362.0 4130.0 14262.0
14703.0 19675.0 15103.0 19675.0
14467.0 17284.0 15767.0 17284.0
9186.0 15983.0 10386.0 15883.0
14730.0 15812.0 14730.0 15607.0
-3631.0 19098.0 -2631.0 18798.0
11283.0 14291.0 12212.0 14291.0
12683.0 14210.0 11783.0 14110.0
15907.0 15377.0 14507.0 15277.0
14272.0 18587.0 14272.0 17787.0
4971.0 20575.0 7071.0 20575.0
15634.0 14977.0 15907.0 14977.0
10795.0 19756.0 10795.0 19312.0
-1415.0 14816.0 -2315.0 14516.0
12371.0 19411.0 11971.0 19211.0
14923.0 17984.0 15123.0 18784.0
9586.0 16783.0 9386.0 16483.0
14703.0 20275.0 14603.0 19775.0
-7015.0 19140.0 -7915.0 18840.0
-1631.0 18898.0 -731.0 19198.0
11395.0 18312.0 10995.0 18512.0
3787.0 18043.0 3287.0 17843.0
4895.0 19556.0 4895.0 18456.0
-5907.0 15614.0 -7107.0 15614.0
-415.0 14916.0 -815.0 15116.0
6991.0 20037.0 4891.0 20037.0
14903.0 20375.0 15103.0 20275.0
7983.0 14310.0 7783.0 14510.0
10314.0 20699.0 10514.0 19899.0
11819.0 20515.0 12219.0 20315.0
-5015.0 14614.0 -2315.0 14314.0
-3815.0 15039.0 -3215.0 15339.0
-2315.0 17240.0 -2315.0 18640.0
386.0 14995.0 1386.0 14695.0
-709.0 20241.0 4891.0 20241.0
12371.0 19411.0 12771.0 19211.0
-2314.0 16695.0 3286.0 16695.0
13900.0 20386.0 15400.0 20486.0
15247.0 19873.0 15447.0 20673.0
7786.0 17262.0 6786.0 16962.0
3991.0 18341.0 4891.0 18641.0
-2315.0 12914.0 -7915.0 12914.0
10981.0 18388.0 10881.0 18888.0
7983.0 14310.0 9183.0 14210.0
11586.0 15983.0 12486.0 16083.0
16586.0 16104.0 16386.0 16404.0
11419.0 20315.0 11219.0 19515.0
11283.0 14091.0 11283.0 14291.0
14392.0 19630.0 14192.0 19730.0
14772.0 18787.0 14272.0 18587.0
5386.0 16843.0 5386.0 17043.0
-6415.0 15114.0 -7015.0 14814.0
-3341.0 15242.0 -3341.0 14442.0
7071.0 20775.0 4971.0 20775.0
3285.0 14316.0 585.0 14616.0
-3406.0 14980.0 -4706.0 14980.0
-5907.0 14882.0 -5907.0 15114.0
12486.0 16083.0 15086.0 16183.0
14883.0 12912.0 16183.0 13012.0
5386.0 17043.0 3887.0 17043.0
14092.0 20230.0 14192.0 19730.0
-7310.0 19043.0 -6910.0 19243.0
11395.0 18312.0 11795.0 18512.0
-5907.0 15382.0 -5907.0 15614.0
4330.0 14062.0 5330.0 14362.0
13883.0 14310.0 13683.0 14510.0
14246.0 19513.0 14046.0 20313.0
13333.0 20660.0 13133.0 20760.0
15203.0 19775.0 15103.0 20275.0
4172.0 17155.0 5372.0 17055.0
10586.0 15683.0 11586.0 15983.0
3286.0 15662.0 3330.0 15662.0
5883.0 14110.0 3283.0 14010.0
9186.0 16962.0 9186.0 16483.0
8983.0 13710.0 9183.0 13710.0
-4707.0 15382.0 -5907.0 15382.0
16230.0 16007.0 16230.0 15407.0
8830.0 14512.0 10113.0 14512.0
4891.0 18641.0 4891.0 19837.0
4970.0 20074.0 4970.0 20239.0
14466.0 17286.0 14466.0 17786.0
6572.0 17155.0 7472.0 17255.0
13346.0 18312.0 12946.0 18512.0
-7107.0 15516.0 -7407.0 15716.0
5372.0 17055.0 5572.0 16855.0
15744.0 17897.0 15844.0 17397.0
3283.0 12910.0 8783.0 12910.0
6993.0 19639.0 6993.0 20039.0
11219.0 19515.0 11419.0 19415.0
8830.0 15662.0 8786.0 15662.0
8830.0 14562.0 8830.0 14512.0
1991.0 18541.0 2991.0 18241.0
6783.0 14210.0 5883.0 14110.0
3330.0 15162.0 3330.0 15662.0
8293.0 20039.0 6993.0 20039.0
11783.0 14110.0 9183.0 14010.0
9183.0 13710.0 9183.0 14010.0
-5907.0 15114.0 -5907.0 15382.0
13746.0 18512.0 13946.0 19312.0
15085.0 13321.0 16585.0 13721.0
16585.0 13721.0 16385.0 14021.0
13946.0 19312.0 13746.0 19412.0
16433.0 14835.0 16433.0 14235.0
6992.0 19837.0 6991.0 19837.0
8395.0 19756.0 7495.0 19656.0
10072.0 17355.0 10072.0 18455.0
10386.0 15883.0 10586.0 15683.0
6993.0 19639.0 8293.0 19739.0
-7307.0 14716.0 -7107.0 15516.0
9586.0 17283.0 9586.0 16783.0
8783.0 13410.0 8983.0 13710.0
4891.0 20037.0 4891.0 20241.0
-7910.0 20043.0 -7710.0 19243.0
16230.0 16007.0 14730.0 15607.0
4970.0 20739.0 -730.0 20739.0
15400.0 20786.0 13900.0 20786.0
14192.0 20330.0 14092.0 20230.0
3130.0 14862.0 2930.0 14862.0
15103.0 19675.0 14878.0 19585.0
12212.0 14491.0 10112.0 14491.0
14467.0 17784.0 14467.0 17284.0
5330.0 14362.0 6230.0 14462.0
4372.0 17655.0 4172.0 17655.0
10595.0 19256.0 10795.0 19256.0
10066.0 17286.0 14466.0 17286.0
13046.0 19513.0 13246.0 19413.0
-7915.0 18840.0 -7915.0 17240.0
14507.0 15277.0 14507.0 14977.0
12946.0 19412.0 12746.0 19312.0
9595.0 19856.0 9395.0 20056.0
4087.0 17843.0 3787.0 18043.0
6230.0 14462.0 8830.0 14562.0
10481.0 18288.0 10071.0 18288.0
15083.0 14210.0 13883.0 14310.0
12733.0 19660.0 13133.0 19860.0
-7310.0 19043.0 -7710.0 19243.0
-4215.0 15239.0 -3815.0 15039.0
14683.0 13410.0 14883.0 13710.0
16386.0 16404.0 15086.0 16304.0
14377.0 18630.0 14877.0 18830.0
-730.0 20239.0 4970.0 20239.0
15378.0 19785.0 15103.0 19675.0
15907.0 15377.0 15907.0 14977.0
-6910.0 20143.0 -6501.0 20143.0
9183.0 14091.0 9183.0 14010.0
16183.0 13612.0 14683.0 13212.0
-5215.0 15539.0 -4215.0 15239.0
14933.0 14435.0 15083.0 14210.0
15723.0 18784.0 15123.0 18784.0
-7107.0 15516.0 -7107.0 15614.0
14271.0 18288.0 10881.0 18288.0
10481.0 18888.0 10381.0 18388.0
14923.0 17984.0 15223.0 17784.0
-414.0 18693.0 -814.0 18893.0
-6501.0 20643.0 -7901.0 20643.0
16047.0 19873.0 16047.0 20673.0
10072.0 18455.0 4572.0 18455.0
3286.0 16843.0 3286.0 17043.0
-2631.0 18798.0 -2315.0 18640.0
14392.0 19630.0 14592.0 19730.0
3330.0 15662.0 8786.0 15662.0
13246.0 19413.0 14046.0 19413.0
10795.0 19756.0 9595.0 19856.0
6786.0 16962.0 5886.0 16862.0
15086.0 17283.0 9586.0 17283.0
7472.0 17255.0 10072.0 17355.0
14877.0 18830.0 14877.0 19630.0
-7901.0 20143.0 -7710.0 20143.0
8830.0 14512.0 8013.0 14512.0
14392.0 19630.0 14277.0 19630.0
14330.0 14512.0 14330.0 15012.0
14272.0 17787.0 14872.0 17787.0
-7915.0 15839.0 -5215.0 15539.0
-2315.0 15639.0 -2315.0 17239.0
1786.0 14495.0 2386.0 14795.0
12733.0 19660.0 12333.0 19860.0
4172.0 17155.0 4172.0 17655.0
-730.0 20739.0 -730.0 20239.0
11430.0 15712.0 8830.0 15612.0
-814.0 18893.0 -1414.0 18593.0
15083.0 13710.0 15083.0 14210.0
7072.0 20575.0 7072.0 20775.0
14507.0 14977.0 15634.0 14977.0
4572.0 17955.0 4372.0 17655.0
15086.0 15704.0 16586.0 16104.0
7783.0 14510.0 6783.0 14210.0
3286.0 16693.0 3286.0 16695.0
9186.0 16962.0 7986.0 17062.0
14683.0 13212.0 14683.0 13410.0
-6910.0 20143.0 -6710.0 20043.0
10795.0 19312.0 10795.0 19256.0
14334.0 14277.0 15834.0 14677.0
14077.0 18830.0 14277.0 19630.0
3286.0 16762.0 5886.0 16862.0
9186.0 15983.0 9186.0 16462.0
-7407.0 15716.0 -7907.0 15516.0
4971.0 20775.0 4971.0 20575.0
15223.0 17784.0 14467.0 17784.0
13346.0 18312.0 13746.0 18512.0
-2315.0 18640.0 -5015.0 18940.0
4572.0 18455.0 4572.0 17955.0
10514.0 20799.0 10314.0 20699.0
12330.0 15812.0 11430.0 15712.0
3283.0 14010.0 3283.0 12910.0
15767.0 17784.0 15223.0 17784.0
8830.0 15612.0 8830.0 15662.0
15087.0 16624.0 15087.0 17224.0
-731.0 19198.0 -731.0 20798.0
8293.0 19739.0 8293.0 20039.0
13330.0 16112.0 12330.0 15812.0
10381.0 18388.0 10481.0 18288.0
-6331.0 20798.0 -6331.0 19398.0
8013.0 14312.0 10113.0 14312.0
14046.0 19413.0 14246.0 19513.0
16344.0 17897.0 16244.0 17997.0
13133.0 19860.0 13333.0 20660.0
-7107.0 15114.0 -7107.0 15516.0
1386.0 14695.0 1786.0 14495.0
15085.0 13321.0 15085.0 13921.0
15072.0 18587.0 14872.0 17787.0
9186.0 16462.0 9186.0 16483.0
4970.0 20239.0 4970.0 20574.0
-7915.0 17239.0 -7915.0 15839.0
14077.0 18830.0 14377.0 18630.0
-4706.0 14580.0 -3406.0 14680.0
15844.0 17997.0 15744.0 17897.0
15723.0 17984.0 15723.0 18784.0
-1414.0 18593.0 -2314.0 18293.0
13900.0 20386.0 13900.0 20786.0
10170.0 20574.0 4970.0 20574.0
16387.0 17324.0 15087.0 17224.0
15086.0 16621.0 15086.0 17283.0
11514.0 20699.0 11314.0 20799.0
10881.0 18288.0 10981.0 18388.0
13646.0 20513.0 13900.0 20386.0
14334.0 14277.0 14334.0 14877.0
7071.0 20775.0 7071.0 20575.0
4892.0 19837.0 6991.0 19837.0
-6331.0 20798.0 -731.0 20798.0
16587.0 17024.0 16387.0 17324.0
15286.0 16321.0 16586.0 16421.0
11419.0 19415.0 12219.0 19415.0
10113.0 14512.0 14330.0 14512.0
-2315.0 12914.0 -2315.0 12916.0
10681.0 18988.0 10881.0 18888.0
3286.0 18093.0 586.0 18393.0
9183.0 12910.0 14683.0 12910.0
15086.0 16621.0 15286.0 16321.0
15400.0 20486.0 15400.0 20786.0
-6501.0 20643.0 -6501.0 20143.0
9172.0 20575.0 9172.0 20775.0
15086.0 16304.0 15086.0 16621.0
3887.0 17043.0 4087.0 17843.0
8786.0 15662.0 8786.0 16162.0
14683.0 12910.0 14683.0 13212.0
10112.0 14291.0 9183.0 14291.0
-6910.0 19243.0 -6710.0 20043.0
14330.0 15012.0 14530.0 15312.0
8783.0 12910.0 8783.0 13410.0
10995.0 19412.0 10795.0 19312.0
6992.0 19637.0 6992.0 19837.0
-6331.0 19398.0 -6415.0 19440.0
7986.0 17062.0 7786.0 17262.0
-7107.0 15114.0 -6415.0 15114.0
8830.0 14562.0 8830.0 15612.0
10066.0 17286.0 10066.0 17786.0
9172.0 20775.0 7072.0 20775.0
15086.0 16621.0 16586.0 17021.0
16586.0 17021.0 16586.0 16421.0
16244.0 17997.0 15844.0 17997.0
13246.0 20313.0 13046.0 19513.0
13746.0 19412.0 12946.0 19412.0
3287.0 17043.0 3287.0 17843.0
9183.0 14091.0 11283.0 14091.0
15547.0 19673.0 16047.0 19873.0
10481.0 18288.0 10881.0 18288.0
10071.0 17788.0 14271.0 17788.0
-2541.0 15242.0 -2741.0 14442.0
9386.0 16483.0 9186.0 16483.0
11819.0 20515.0 11419.0 20315.0
-5015.0 18940.0 -6015.0 19240.0
10071.0 18288.0 10071.0 17788.0
15072.0 18587.0 14772.0 18787.0
16385.0 14021.0 15085.0 13921.0
3391.0 18041.0 3991.0 18341.0
16433.0 14835.0 14933.0 14435.0
11771.0 18411.0 11971.0 18311.0
-5015.0 14614.0 -6015.0 14914.0
2991.0 18241.0 3391.0 18041.0
-2314.0 16693.0 -2314.0 16695.0
14692.0 20230.0 14592.0 20330.0
4895.0 18456.0 10395.0 18456.0
12971.0 18411.0 12771.0 19211.0
15223.0 17784.0 15723.0 17984.0
-6415.0 15114.0 -5907.0 15114.0
3286.0 16843.0 5386.0 16843.0
15133.0 14135.0 16433.0 14235.0
13133.0 20760.0 12333.0 20760.0
10914.0 19699.0 11314.0 19899.0
15634.0 14977.0 15834.0 14677.0
10681.0 18988.0 10481.0 18888.0
