173
59.0 174.0 48.0 177.0
91.0 156.0 101.0 154.0
145.0 170.0 139.0 170.0
80.0 154.0 91.0 156.0
53.0 176.0 65.0 173.0
160.0 171.0 169.0 170.0
149.0 179.0 149.0 181.0
110.0 177.0 76.0 177.0
66.0 142.0 63.0 146.0
155.0 157.0 160.0 156.0
135.0 152.0 144.0 153.0
54.0 177.0 53.0 176.0
133.0 157.0 135.0 152.0
117.0 181.0 77.0 181.0
139.0 156.0 133.0 157.0
37.0 181.0 37.0 178.0
105.0 146.0 99.0 154.0
63.0 172.0 50.0 174.0
76.0 135.0 73.0 143.0
160.0 179.0 155.0 179.0
37.0 178.0 77.0 178.0
105.0 149.0 105.0 146.0
76.0 177.0 77.0 160.0
37.0 174.0 38.0 173.0
63.0 146.0 49.0 144.0
144.0 157.0 139.0 156.0
140.0 124.0 140.0 118.0
171.0 170.0 169.0 170.0
170.0 175.0 165.0 174.0
102.0 156.0 91.0 158.0
155.0 174.0 149.0 175.0
99.0 154.0 76.0 152.0
76.0 126.0 74.0 128.0
159.0 170.0 150.0 170.0
76.0 122.0 77.0 116.0
155.0 138.0 169.0 137.0
134.0 137.0 111.0 135.0
75.0 177.0 65.0 176.0
149.0 179.0 150.0 175.0
140.0 118.0 163.0 116.0
111.0 157.0 105.0 149.0
169.0 137.0 169.0 152.0
169.0 175.0 170.0 179.0
83.0 130.0 78.0 130.0
160.0 156.0 165.0 157.0
91.0 159.0 101.0 157.0
134.0 147.0 135.0 140.0
37.0 144.0 37.0 117.0
36.0 154.0 40.0 147.0
39.0 156.0 36.0 154.0
137.0 173.0 149.0 173.0
111.0 171.0 111.0 158.0
91.0 161.0 79.0 159.0
111.0 136.0 133.0 138.0
160.0 175.0 155.0 174.0
77.0 160.0 90.0 161.0
97.0 132.0 86.0 134.0
149.0 181.0 137.0 181.0
37.0 117.0 49.0 117.0
77.0 178.0 117.0 178.0
133.0 155.0 111.0 157.0
137.0 152.0 134.0 147.0
101.0 159.0 105.0 163.0
150.0 170.0 160.0 171.0
105.0 141.0 105.0 144.0
49.0 117.0 63.0 116.0
77.0 116.0 111.0 116.0
153.0 152.0 154.0 157.0
130.0 181.0 117.0 181.0
117.0 173.0 130.0 173.0
149.0 173.0 149.0 175.0
149.0 175.0 149.0 179.0
141.0 139.0 144.0 137.0
91.0 158.0 79.0 156.0
36.0 164.0 39.0 162.0
135.0 140.0 141.0 139.0
159.0 161.0 159.0 170.0
111.0 116.0 110.0 133.0
149.0 156.0 144.0 157.0
38.0 173.0 48.0 174.0
125.0 171.0 111.0 172.0
170.0 179.0 165.0 179.0
73.0 143.0 66.0 142.0
144.0 137.0 155.0 138.0
159.0 161.0 169.0 161.0
153.0 152.0 137.0 152.0
80.0 157.0 91.0 159.0
168.0 124.0 168.0 129.0
151.0 161.0 160.0 160.0
101.0 157.0 102.0 159.0
168.0 129.0 163.0 137.0
111.0 171.0 110.0 177.0
154.0 157.0 149.0 156.0
50.0 144.0 63.0 146.0
77.0 181.0 37.0 181.0
169.0 161.0 171.0 161.0
73.0 118.0 76.0 126.0
139.0 170.0 136.0 173.0
149.0 175.0 150.0 170.0
76.0 135.0 99.0 133.0
169.0 170.0 159.0 170.0
63.0 116.0 66.0 119.0
111.0 118.0 134.0 116.0
110.0 133.0 97.0 132.0
74.0 128.0 74.0 134.0
79.0 159.0 80.0 157.0
151.0 161.0 159.0 161.0
117.0 178.0 117.0 173.0
134.0 137.0 140.0 129.0
151.0 161.0 149.0 156.0
105.0 163.0 110.0 163.0
76.0 173.0 63.0 172.0
65.0 176.0 54.0 177.0
169.0 170.0 170.0 175.0
47.0 147.0 50.0 144.0
99.0 133.0 105.0 141.0
48.0 177.0 37.0 174.0
169.0 152.0 153.0 152.0
144.0 158.0 146.0 163.0
40.0 171.0 36.0 164.0
165.0 157.0 170.0 156.0
48.0 174.0 58.0 173.0
79.0 156.0 80.0 154.0
150.0 170.0 147.0 170.0
105.0 144.0 111.0 136.0
47.0 171.0 40.0 171.0
163.0 116.0 168.0 124.0
76.0 145.0 76.0 152.0
165.0 174.0 160.0 175.0
147.0 161.0 151.0 161.0
102.0 159.0 91.0 161.0
101.0 154.0 102.0 156.0
163.0 137.0 140.0 135.0
66.0 119.0 73.0 118.0
49.0 144.0 37.0 144.0
90.0 161.0 101.0 159.0
111.0 172.0 111.0 171.0
76.0 145.0 76.0 135.0
140.0 135.0 140.0 129.0
130.0 173.0 130.0 181.0
111.0 135.0 111.0 118.0
65.0 173.0 76.0 176.0
144.0 153.0 153.0 152.0
133.0 138.0 133.0 155.0
171.0 161.0 171.0 170.0
58.0 173.0 59.0 174.0
137.0 181.0 137.0 173.0
76.0 152.0 76.0 173.0
111.0 158.0 144.0 158.0
150.0 175.0 160.0 176.0
146.0 163.0 145.0 170.0
149.0 179.0 155.0 179.0
77.0 178.0 77.0 181.0
78.0 130.0 76.0 122.0
134.0 116.0 140.0 124.0
160.0 176.0 169.0 175.0
110.0 163.0 111.0 171.0
39.0 162.0 39.0 156.0
74.0 134.0 76.0 135.0
169.0 161.0 170.0 156.0
165.0 179.0 160.0 179.0
63.0 146.0 76.0 145.0
169.0 161.0 160.0 160.0
105.0 144.0 105.0 146.0
76.0 176.0 75.0 177.0
86.0 134.0 83.0 130.0
50.0 174.0 47.0 171.0
40.0 147.0 47.0 147.0
149.0 156.0 155.0 157.0
140.0 124.0 140.0 129.0
136.0 173.0 125.0 171.0
147.0 170.0 147.0 161.0
117.0 178.0 117.0 181.0
