130
931.0 357.0 875.0 357.0
847.0 357.0 875.0 357.0
539.0 497.0 595.0 525.0
735.0 525.0 679.0 525.0
819.0 301.0 875.0 357.0
791.0 525.0 791.0 497.0
707.0 441.0 679.0 469.0
707.0 553.0 735.0 525.0
483.0 525.0 511.0 469.0
623.0 637.0 595.0 609.0
903.0 637.0 875.0 581.0
483.0 357.0 483.0 385.0
511.0 469.0 483.0 385.0
371.0 581.0 399.0 525.0
371.0 441.0 427.0 469.0
679.0 357.0 707.0 385.0
875.0 581.0 847.0 553.0
427.0 245.0 483.0 217.0
483.0 581.0 427.0 553.0
483.0 301.0 539.0 273.0
791.0 497.0 763.0 497.0
819.0 581.0 819.0 609.0
539.0 273.0 595.0 301.0
819.0 637.0 819.0 609.0
679.0 637.0 623.0 637.0
567.0 441.0 595.0 525.0
483.0 217.0 455.0 273.0
483.0 385.0 539.0 413.0
483.0 217.0 539.0 217.0
483.0 637.0 371.0 637.0
539.0 245.0 539.0 273.0
623.0 525.0 651.0 525.0
483.0 357.0 483.0 301.0
791.0 525.0 819.0 553.0
595.0 273.0 539.0 245.0
427.0 469.0 483.0 441.0
707.0 441.0 763.0 525.0
819.0 217.0 819.0 245.0
651.0 525.0 679.0 525.0
427.0 329.0 483.0 357.0
539.0 273.0 483.0 273.0
819.0 497.0 875.0 497.0
679.0 357.0 735.0 273.0
427.0 553.0 483.0 637.0
819.0 469.0 819.0 497.0
595.0 469.0 623.0 469.0
595.0 525.0 595.0 469.0
455.0 497.0 483.0 581.0
819.0 245.0 847.0 217.0
427.0 553.0 371.0 581.0
595.0 553.0 595.0 609.0
735.0 273.0 791.0 357.0
623.0 301.0 595.0 273.0
483.0 385.0 483.0 441.0
735.0 525.0 763.0 525.0
483.0 581.0 483.0 525.0
931.0 329.0 931.0 357.0
791.0 497.0 819.0 497.0
371.0 441.0 371.0 357.0
903.0 273.0 931.0 329.0
819.0 301.0 819.0 245.0
679.0 245.0 679.0 357.0
595.0 441.0 623.0 469.0
791.0 357.0 819.0 357.0
763.0 525.0 791.0 525.0
539.0 217.0 539.0 245.0
651.0 469.0 651.0 525.0
875.0 637.0 819.0 637.0
819.0 301.0 819.0 357.0
791.0 413.0 819.0 469.0
763.0 301.0 735.0 273.0
707.0 385.0 707.0 441.0
847.0 217.0 931.0 217.0
931.0 357.0 903.0 413.0
931.0 469.0 931.0 497.0
595.0 385.0 623.0 357.0
595.0 609.0 539.0 637.0
735.0 357.0 791.0 357.0
791.0 357.0 763.0 301.0
595.0 385.0 567.0 441.0
903.0 413.0 931.0 469.0
595.0 553.0 623.0 525.0
679.0 217.0 819.0 217.0
735.0 273.0 679.0 245.0
483.0 609.0 483.0 581.0
371.0 357.0 427.0 329.0
819.0 441.0 875.0 497.0
791.0 637.0 819.0 609.0
371.0 637.0 427.0 553.0
791.0 637.0 735.0 637.0
847.0 553.0 791.0 525.0
819.0 441.0 819.0 385.0
735.0 357.0 679.0 357.0
819.0 357.0 791.0 413.0
763.0 497.0 707.0 441.0
455.0 273.0 483.0 357.0
931.0 497.0 875.0 497.0
679.0 525.0 707.0 553.0
595.0 525.0 595.0 553.0
651.0 357.0 679.0 357.0
595.0 301.0 595.0 385.0
539.0 637.0 483.0 609.0
371.0 217.0 427.0 245.0
651.0 357.0 623.0 301.0
875.0 581.0 875.0 637.0
679.0 469.0 651.0 469.0
735.0 637.0 707.0 609.0
623.0 357.0 651.0 357.0
931.0 637.0 903.0 637.0
623.0 469.0 651.0 469.0
819.0 385.0 847.0 357.0
399.0 301.0 371.0 217.0
399.0 525.0 371.0 441.0
371.0 357.0 399.0 301.0
483.0 273.0 483.0 217.0
539.0 217.0 679.0 217.0
623.0 525.0 595.0 525.0
679.0 217.0 679.0 245.0
595.0 441.0 595.0 385.0
483.0 525.0 539.0 497.0
931.0 497.0 931.0 637.0
539.0 413.0 595.0 385.0
819.0 553.0 819.0 581.0
707.0 609.0 679.0 637.0
651.0 525.0 707.0 441.0
483.0 441.0 455.0 497.0
931.0 217.0 903.0 273.0
819.0 581.0 875.0 581.0
707.0 385.0 735.0 357.0
707.0 553.0 707.0 609.0
