46
177.0 384.0 177.0 328.0
289.0 468.0 289.0 524.0
205.0 300.0 289.0 300.0
289.0 412.0 289.0 440.0
233.0 202.0 289.0 286.0
205.0 440.0 233.0 440.0
401.0 412.0 373.0 468.0
289.0 300.0 317.0 286.0
289.0 552.0 317.0 496.0
317.0 286.0 289.0 286.0
317.0 146.0 317.0 202.0
401.0 384.0 345.0 412.0
233.0 202.0 177.0 174.0
317.0 202.0 317.0 286.0
233.0 440.0 261.0 440.0
317.0 146.0 373.0 146.0
345.0 272.0 401.0 300.0
261.0 356.0 289.0 412.0
177.0 146.0 317.0 146.0
289.0 286.0 261.0 230.0
261.0 230.0 233.0 202.0
177.0 286.0 233.0 202.0
177.0 384.0 233.0 440.0
401.0 300.0 401.0 384.0
289.0 412.0 345.0 440.0
177.0 328.0 205.0 300.0
289.0 286.0 177.0 286.0
373.0 146.0 373.0 202.0
345.0 412.0 289.0 384.0
177.0 174.0 177.0 146.0
289.0 440.0 261.0 440.0
177.0 468.0 205.0 440.0
317.0 496.0 289.0 412.0
401.0 552.0 345.0 524.0
373.0 468.0 401.0 552.0
317.0 286.0 345.0 272.0
261.0 440.0 289.0 468.0
261.0 552.0 205.0 552.0
205.0 552.0 177.0 524.0
289.0 300.0 261.0 356.0
345.0 440.0 401.0 412.0
345.0 524.0 289.0 552.0
177.0 524.0 177.0 468.0
373.0 202.0 317.0 202.0
289.0 524.0 261.0 552.0
289.0 384.0 289.0 300.0
