89
-434.0 269.0 -462.0 241.0
-434.0 381.0 -462.0 353.0
-462.0 297.0 -434.0 269.0
-182.0 241.0 -182.0 269.0
-98.0 241.0 -70.0 241.0
-238.0 297.0 -182.0 297.0
-182.0 157.0 -126.0 241.0
-462.0 157.0 -406.0 73.0
-378.0 269.0 -350.0 297.0
-238.0 101.0 -210.0 101.0
-98.0 297.0 -70.0 353.0
-294.0 241.0 -238.0 269.0
-182.0 45.0 -182.0 -11.0
-294.0 381.0 -350.0 353.0
-154.0 241.0 -126.0 241.0
-434.0 45.0 -462.0 -39.0
-322.0 213.0 -350.0 129.0
-238.0 297.0 -238.0 353.0
-238.0 241.0 -182.0 157.0
-70.0 101.0 -98.0 101.0
-154.0 241.0 -182.0 241.0
-350.0 101.0 -350.0 45.0
-182.0 45.0 -182.0 101.0
-98.0 101.0 -98.0 241.0
-350.0 185.0 -350.0 241.0
-266.0 17.0 -322.0 -11.0
-434.0 157.0 -462.0 157.0
-238.0 45.0 -210.0 101.0
-322.0 -39.0 -182.0 -39.0
-182.0 269.0 -182.0 297.0
-238.0 45.0 -266.0 17.0
-350.0 129.0 -294.0 157.0
-182.0 353.0 -238.0 353.0
-406.0 73.0 -462.0 101.0
-154.0 185.0 -182.0 157.0
-182.0 157.0 -238.0 129.0
-70.0 -39.0 -98.0 17.0
-378.0 157.0 -350.0 185.0
-434.0 269.0 -378.0 269.0
-182.0 101.0 -126.0 101.0
-238.0 101.0 -238.0 129.0
-378.0 17.0 -350.0 101.0
-350.0 353.0 -378.0 381.0
-182.0 325.0 -126.0 381.0
-154.0 -39.0 -70.0 -39.0
-182.0 -11.0 -154.0 -39.0
-350.0 297.0 -350.0 269.0
-294.0 17.0 -238.0 45.0
-350.0 101.0 -406.0 73.0
-434.0 157.0 -378.0 157.0
-238.0 129.0 -266.0 185.0
-350.0 129.0 -350.0 101.0
-70.0 353.0 -70.0 381.0
-182.0 45.0 -126.0 101.0
-182.0 101.0 -210.0 101.0
-294.0 157.0 -238.0 129.0
-182.0 -39.0 -182.0 -11.0
-378.0 381.0 -434.0 381.0
-406.0 73.0 -350.0 157.0
-70.0 241.0 -98.0 297.0
-238.0 241.0 -182.0 241.0
-350.0 269.0 -322.0 213.0
-182.0 269.0 -154.0 241.0
-462.0 -39.0 -406.0 -11.0
-238.0 45.0 -238.0 101.0
-238.0 269.0 -238.0 297.0
-462.0 241.0 -462.0 185.0
-350.0 297.0 -350.0 353.0
-322.0 -11.0 -322.0 -39.0
-238.0 269.0 -238.0 241.0
-126.0 101.0 -98.0 101.0
-182.0 297.0 -182.0 325.0
-350.0 -39.0 -378.0 17.0
-462.0 353.0 -462.0 297.0
-266.0 185.0 -238.0 269.0
-98.0 241.0 -126.0 241.0
-406.0 -11.0 -350.0 -39.0
-350.0 269.0 -294.0 241.0
-350.0 241.0 -378.0 269.0
-462.0 185.0 -434.0 157.0
-154.0 185.0 -126.0 241.0
-350.0 157.0 -378.0 157.0
-182.0 325.0 -182.0 353.0
-238.0 353.0 -294.0 381.0
-462.0 101.0 -434.0 45.0
-70.0 381.0 -126.0 381.0
-70.0 73.0 -70.0 101.0
-350.0 45.0 -294.0 17.0
-98.0 17.0 -70.0 73.0
