38
187.0 294.0 182.0 247.0
202.0 309.0 234.0 309.0
234.0 209.0 178.0 209.0
207.0 238.0 214.0 236.0
134.0 275.0 169.0 309.0
210.0 275.0 216.0 276.0
172.0 253.0 134.0 275.0
214.0 236.0 234.0 209.0
134.0 209.0 154.0 249.0
134.0 275.0 134.0 209.0
234.0 309.0 234.0 268.0
202.0 309.0 169.0 309.0
207.0 238.0 182.0 247.0
214.0 236.0 210.0 275.0
234.0 268.0 234.0 231.0
182.0 247.0 214.0 236.0
154.0 249.0 172.0 253.0
181.0 232.0 207.0 238.0
169.0 309.0 134.0 309.0
182.0 247.0 134.0 275.0
216.0 276.0 234.0 268.0
202.0 309.0 216.0 276.0
184.0 271.0 187.0 294.0
214.0 236.0 234.0 231.0
234.0 231.0 234.0 209.0
172.0 253.0 182.0 247.0
178.0 209.0 181.0 232.0
187.0 294.0 202.0 309.0
134.0 209.0 178.0 209.0
178.0 209.0 214.0 236.0
210.0 275.0 184.0 271.0
178.0 209.0 154.0 249.0
184.0 271.0 182.0 247.0
214.0 236.0 234.0 268.0
216.0 276.0 184.0 271.0
169.0 309.0 187.0 294.0
134.0 309.0 134.0 275.0
182.0 247.0 181.0 232.0
