51
2.0 156.0 16.0 156.0
-12.0 132.0 -3.0 132.0
-3.0 132.0 -3.0 142.0
-3.0 142.0 -3.0 146.0
22.0 128.0 8.0 137.0
-8.0 146.0 -12.0 156.0
13.0 153.0 21.0 149.0
12.0 118.0 16.0 128.0
2.0 128.0 3.0 128.0
3.0 128.0 12.0 128.0
16.0 128.0 17.0 128.0
16.0 146.0 16.0 151.0
2.0 146.0 -3.0 146.0
16.0 137.0 21.0 137.0
-12.0 132.0 -12.0 118.0
4.0 144.0 2.0 142.0
2.0 142.0 -3.0 142.0
21.0 128.0 21.0 118.0
7.0 142.0 2.0 142.0
13.0 153.0 4.0 144.0
16.0 146.0 21.0 146.0
12.0 128.0 16.0 128.0
21.0 118.0 12.0 118.0
2.0 128.0 2.0 132.0
4.0 144.0 16.0 137.0
2.0 156.0 2.0 146.0
-12.0 146.0 -12.0 132.0
12.0 118.0 12.0 128.0
8.0 137.0 16.0 137.0
10.0 135.0 7.0 132.0
13.0 153.0 21.0 157.0
7.0 132.0 7.0 142.0
16.0 151.0 4.0 144.0
21.0 149.0 21.0 157.0
16.0 156.0 13.0 153.0
-3.0 132.0 2.0 132.0
17.0 128.0 10.0 135.0
21.0 137.0 22.0 137.0
-12.0 118.0 2.0 118.0
3.0 128.0 7.0 132.0
22.0 137.0 22.0 128.0
2.0 142.0 2.0 146.0
-8.0 146.0 -3.0 146.0
17.0 128.0 21.0 128.0
2.0 132.0 7.0 132.0
21.0 137.0 21.0 146.0
2.0 118.0 2.0 128.0
2.0 118.0 12.0 118.0
16.0 137.0 16.0 146.0
-12.0 156.0 2.0 156.0
-8.0 146.0 -12.0 146.0
