42
55.0 96.0 85.0 96.0
-35.0 96.0 -5.0 96.0
175.0 156.0 145.0 156.0
-5.0 96.0 25.0 96.0
25.0 126.0 55.0 126.0
55.0 96.0 55.0 126.0
-5.0 126.0 25.0 126.0
85.0 96.0 115.0 96.0
-35.0 126.0 -5.0 126.0
85.0 126.0 115.0 126.0
55.0 156.0 25.0 156.0
115.0 156.0 85.0 156.0
25.0 96.0 25.0 126.0
25.0 156.0 -5.0 156.0
175.0 96.0 205.0 96.0
25.0 126.0 25.0 156.0
145.0 96.0 175.0 96.0
205.0 126.0 205.0 156.0
85.0 156.0 55.0 156.0
205.0 156.0 175.0 156.0
85.0 126.0 85.0 156.0
115.0 126.0 115.0 156.0
145.0 156.0 115.0 156.0
145.0 126.0 145.0 156.0
175.0 126.0 175.0 156.0
-5.0 156.0 -35.0 156.0
-5.0 96.0 -5.0 126.0
55.0 126.0 85.0 126.0
-35.0 156.0 -35.0 126.0
55.0 126.0 55.0 156.0
-5.0 126.0 -5.0 156.0
145.0 96.0 145.0 126.0
175.0 96.0 175.0 126.0
205.0 96.0 205.0 126.0
85.0 96.0 85.0 126.0
115.0 96.0 115.0 126.0
115.0 96.0 145.0 96.0
145.0 126.0 175.0 126.0
115.0 126.0 145.0 126.0
25.0 96.0 55.0 96.0
175.0 126.0 205.0 126.0
-35.0 126.0 -35.0 96.0
