40
444.0 685.0 500.0 685.0
500.0 685.0 500.0 741.0
276.0 769.0 332.0 685.0
332.0 349.0 388.0 377.0
388.0 545.0 388.0 517.0
304.0 517.0 360.0 517.0
388.0 573.0 388.0 601.0
388.0 769.0 276.0 769.0
444.0 629.0 444.0 685.0
416.0 769.0 332.0 685.0
444.0 769.0 416.0 769.0
388.0 489.0 388.0 461.0
416.0 489.0 388.0 489.0
500.0 349.0 500.0 489.0
500.0 629.0 444.0 629.0
276.0 601.0 276.0 545.0
500.0 489.0 500.0 629.0
332.0 685.0 388.0 769.0
388.0 349.0 500.0 349.0
360.0 629.0 444.0 629.0
276.0 461.0 276.0 377.0
332.0 489.0 276.0 461.0
332.0 685.0 304.0 657.0
388.0 517.0 416.0 489.0
360.0 629.0 388.0 601.0
444.0 741.0 444.0 769.0
388.0 377.0 388.0 349.0
388.0 573.0 444.0 629.0
276.0 377.0 332.0 349.0
388.0 545.0 388.0 573.0
360.0 517.0 388.0 545.0
304.0 629.0 276.0 601.0
444.0 741.0 500.0 741.0
444.0 685.0 444.0 741.0
388.0 377.0 388.0 461.0
416.0 489.0 500.0 489.0
304.0 629.0 360.0 629.0
276.0 545.0 304.0 517.0
304.0 657.0 304.0 629.0
332.0 489.0 388.0 461.0
