81
-1.0 591.0 55.0 591.0
111.0 731.0 -1.0 731.0
-1.0 563.0 -1.0 591.0
-113.0 451.0 -113.0 479.0
-309.0 311.0 -197.0 311.0
-141.0 591.0 -113.0 591.0
-281.0 507.0 -225.0 507.0
-309.0 731.0 -253.0 647.0
55.0 591.0 111.0 591.0
55.0 311.0 55.0 367.0
-197.0 339.0 -141.0 311.0
-85.0 479.0 -1.0 479.0
55.0 591.0 -1.0 563.0
-281.0 619.0 -309.0 591.0
55.0 367.0 55.0 423.0
-197.0 311.0 -197.0 339.0
-225.0 507.0 -197.0 535.0
-1.0 647.0 -1.0 619.0
-197.0 423.0 -197.0 451.0
-57.0 395.0 -1.0 479.0
111.0 367.0 111.0 423.0
-1.0 591.0 -1.0 619.0
-197.0 423.0 -141.0 451.0
-169.0 731.0 -225.0 675.0
-85.0 311.0 55.0 311.0
-85.0 339.0 -85.0 423.0
-85.0 479.0 -113.0 479.0
-197.0 731.0 -309.0 731.0
-85.0 339.0 -85.0 311.0
-141.0 451.0 -85.0 423.0
-113.0 479.0 -57.0 395.0
-225.0 619.0 -197.0 591.0
-197.0 339.0 -197.0 423.0
-113.0 563.0 -113.0 591.0
-253.0 451.0 -309.0 451.0
55.0 367.0 111.0 367.0
-197.0 451.0 -141.0 451.0
-29.0 731.0 -85.0 731.0
-225.0 507.0 -253.0 479.0
55.0 451.0 111.0 479.0
-113.0 507.0 -113.0 563.0
-57.0 619.0 -29.0 619.0
-113.0 563.0 -57.0 619.0
-253.0 647.0 -197.0 731.0
-141.0 451.0 -113.0 451.0
-85.0 619.0 -57.0 619.0
-113.0 703.0 -113.0 647.0
55.0 451.0 27.0 451.0
-309.0 591.0 -309.0 535.0
-309.0 535.0 -281.0 507.0
-113.0 507.0 -85.0 479.0
55.0 423.0 55.0 451.0
-1.0 479.0 55.0 451.0
-29.0 731.0 -1.0 703.0
-113.0 731.0 -169.0 731.0
-225.0 675.0 -225.0 619.0
55.0 591.0 111.0 563.0
111.0 311.0 111.0 367.0
-29.0 619.0 -1.0 647.0
-113.0 479.0 -113.0 507.0
55.0 423.0 111.0 423.0
-1.0 647.0 -1.0 703.0
-197.0 591.0 -141.0 591.0
-309.0 451.0 -309.0 311.0
-141.0 591.0 -197.0 535.0
-225.0 619.0 -281.0 619.0
-113.0 703.0 -113.0 731.0
111.0 479.0 111.0 563.0
-197.0 535.0 -197.0 591.0
-253.0 479.0 -253.0 451.0
55.0 311.0 111.0 311.0
-29.0 619.0 -1.0 619.0
-85.0 731.0 -113.0 703.0
-141.0 311.0 -85.0 339.0
-1.0 731.0 -1.0 703.0
27.0 451.0 -85.0 339.0
111.0 591.0 111.0 731.0
-253.0 451.0 -197.0 451.0
-1.0 479.0 -1.0 563.0
-113.0 591.0 -113.0 647.0
-113.0 647.0 -85.0 619.0
