116
779.0 541.0 779.0 597.0
807.0 513.0 835.0 513.0
919.0 541.0 891.0 513.0
779.0 597.0 779.0 625.0
723.0 373.0 723.0 513.0
891.0 653.0 835.0 653.0
723.0 513.0 779.0 541.0
583.0 289.0 555.0 261.0
583.0 401.0 555.0 401.0
387.0 317.0 387.0 261.0
863.0 233.0 863.0 261.0
807.0 373.0 891.0 373.0
891.0 625.0 891.0 569.0
611.0 653.0 555.0 625.0
863.0 289.0 807.0 289.0
499.0 233.0 555.0 233.0
919.0 653.0 891.0 625.0
583.0 289.0 611.0 317.0
919.0 541.0 975.0 541.0
807.0 289.0 807.0 373.0
555.0 261.0 555.0 289.0
779.0 429.0 835.0 513.0
387.0 513.0 499.0 513.0
1003.0 373.0 975.0 373.0
499.0 513.0 499.0 429.0
555.0 541.0 555.0 597.0
611.0 373.0 583.0 401.0
891.0 373.0 891.0 429.0
695.0 233.0 695.0 261.0
443.0 373.0 387.0 317.0
779.0 429.0 863.0 513.0
499.0 513.0 499.0 541.0
611.0 373.0 667.0 373.0
891.0 513.0 891.0 457.0
611.0 317.0 667.0 373.0
499.0 373.0 499.0 429.0
667.0 625.0 611.0 653.0
919.0 429.0 975.0 429.0
891.0 513.0 863.0 513.0
723.0 233.0 807.0 233.0
891.0 569.0 919.0 541.0
835.0 513.0 863.0 513.0
611.0 429.0 611.0 513.0
695.0 317.0 695.0 373.0
807.0 513.0 723.0 513.0
667.0 541.0 723.0 513.0
555.0 233.0 555.0 261.0
1003.0 625.0 975.0 653.0
667.0 541.0 667.0 625.0
891.0 457.0 919.0 429.0
835.0 653.0 779.0 597.0
555.0 233.0 695.0 233.0
891.0 429.0 947.0 345.0
415.0 233.0 499.0 233.0
499.0 289.0 499.0 317.0
695.0 317.0 751.0 373.0
387.0 373.0 443.0 373.0
499.0 597.0 555.0 597.0
387.0 513.0 387.0 373.0
499.0 233.0 499.0 289.0
863.0 233.0 1003.0 233.0
695.0 261.0 723.0 233.0
611.0 317.0 611.0 373.0
863.0 289.0 919.0 373.0
695.0 261.0 695.0 317.0
527.0 289.0 499.0 289.0
975.0 429.0 1003.0 429.0
1003.0 569.0 1003.0 625.0
975.0 653.0 919.0 653.0
947.0 345.0 863.0 261.0
555.0 541.0 611.0 513.0
695.0 373.0 723.0 373.0
1003.0 513.0 975.0 541.0
975.0 541.0 1003.0 569.0
779.0 429.0 751.0 401.0
527.0 289.0 555.0 289.0
891.0 429.0 919.0 429.0
499.0 597.0 499.0 653.0
443.0 373.0 499.0 373.0
499.0 317.0 527.0 289.0
611.0 513.0 667.0 541.0
387.0 653.0 387.0 513.0
779.0 625.0 723.0 653.0
555.0 289.0 583.0 289.0
527.0 401.0 499.0 373.0
891.0 513.0 891.0 569.0
975.0 429.0 1003.0 457.0
555.0 541.0 499.0 513.0
723.0 513.0 611.0 513.0
779.0 541.0 807.0 513.0
387.0 261.0 415.0 233.0
555.0 401.0 611.0 429.0
947.0 345.0 1003.0 429.0
891.0 429.0 891.0 457.0
499.0 541.0 499.0 597.0
499.0 653.0 387.0 653.0
499.0 429.0 555.0 401.0
499.0 373.0 499.0 317.0
863.0 261.0 863.0 289.0
807.0 233.0 807.0 289.0
499.0 541.0 555.0 541.0
555.0 625.0 555.0 597.0
919.0 373.0 891.0 373.0
807.0 373.0 863.0 289.0
891.0 625.0 891.0 653.0
807.0 233.0 863.0 233.0
751.0 373.0 807.0 373.0
555.0 401.0 527.0 401.0
1003.0 457.0 1003.0 513.0
723.0 653.0 667.0 625.0
695.0 373.0 667.0 373.0
1003.0 233.0 1003.0 373.0
751.0 401.0 751.0 373.0
611.0 429.0 611.0 373.0
723.0 513.0 779.0 429.0
975.0 373.0 947.0 345.0
