147
181.0 813.0 208.0 813.0
-16.0 603.0 -16.0 631.0
-44.0 770.0 96.0 770.0
278.0 365.0 306.0 365.0
-72.0 659.0 -72.0 631.0
278.0 336.0 306.0 336.0
208.0 757.0 236.0 729.0
-44.0 840.0 96.0 840.0
278.0 575.0 306.0 575.0
152.0 869.0 124.0 869.0
251.0 575.0 251.0 547.0
166.0 365.0 166.0 393.0
-44.0 336.0 41.0 336.0
96.0 449.0 54.0 449.0
-44.0 799.0 96.0 799.0
-16.0 603.0 12.0 575.0
-58.0 449.0 -58.0 393.0
124.0 813.0 152.0 813.0
208.0 757.0 124.0 673.0
96.0 659.0 68.0 687.0
124.0 729.0 124.0 799.0
278.0 840.0 278.0 869.0
124.0 813.0 124.0 869.0
96.0 491.0 68.0 519.0
208.0 757.0 236.0 757.0
152.0 757.0 208.0 757.0
208.0 813.0 208.0 785.0
96.0 799.0 124.0 799.0
208.0 785.0 222.0 785.0
236.0 827.0 152.0 827.0
111.0 365.0 111.0 336.0
251.0 393.0 251.0 365.0
138.0 365.0 138.0 393.0
264.0 533.0 181.0 617.0
278.0 631.0 251.0 631.0
-29.0 449.0 -58.0 449.0
251.0 365.0 222.0 365.0
306.0 435.0 111.0 435.0
111.0 365.0 138.0 365.0
41.0 309.0 54.0 309.0
68.0 687.0 12.0 631.0
96.0 659.0 96.0 700.0
124.0 659.0 124.0 673.0
-72.0 631.0 -44.0 631.0
-16.0 631.0 12.0 631.0
264.0 813.0 264.0 770.0
251.0 631.0 251.0 603.0
12.0 631.0 12.0 659.0
166.0 336.0 194.0 336.0
222.0 785.0 278.0 840.0
124.0 799.0 124.0 813.0
138.0 406.0 278.0 406.0
68.0 519.0 152.0 603.0
-72.0 729.0 -72.0 659.0
181.0 617.0 96.0 533.0
-16.0 393.0 -44.0 393.0
306.0 813.0 264.0 813.0
12.0 406.0 96.0 491.0
138.0 336.0 138.0 309.0
41.0 336.0 41.0 309.0
26.0 393.0 26.0 365.0
306.0 336.0 306.0 365.0
-72.0 491.0 12.0 406.0
152.0 827.0 152.0 869.0
278.0 869.0 236.0 869.0
96.0 659.0 124.0 659.0
-44.0 659.0 -44.0 687.0
-44.0 799.0 -44.0 840.0
251.0 336.0 251.0 309.0
96.0 729.0 96.0 770.0
-16.0 393.0 26.0 393.0
278.0 365.0 278.0 393.0
-72.0 729.0 -44.0 729.0
222.0 365.0 222.0 336.0
166.0 393.0 138.0 393.0
12.0 575.0 68.0 519.0
111.0 336.0 138.0 336.0
124.0 869.0 -72.0 869.0
251.0 547.0 278.0 547.0
-16.0 351.0 -16.0 393.0
96.0 729.0 124.0 729.0
181.0 813.0 152.0 813.0
152.0 603.0 96.0 659.0
54.0 449.0 54.0 406.0
236.0 729.0 251.0 729.0
-44.0 687.0 -44.0 700.0
111.0 365.0 111.0 393.0
-44.0 631.0 -44.0 603.0
236.0 729.0 236.0 757.0
222.0 336.0 251.0 336.0
96.0 799.0 96.0 840.0
222.0 575.0 251.0 575.0
181.0 770.0 181.0 813.0
306.0 785.0 306.0 813.0
-72.0 799.0 -44.0 799.0
251.0 603.0 222.0 603.0
166.0 309.0 166.0 336.0
306.0 575.0 306.0 603.0
306.0 603.0 278.0 603.0
111.0 435.0 111.0 393.0
68.0 351.0 -16.0 351.0
251.0 309.0 278.0 309.0
138.0 393.0 138.0 406.0
236.0 869.0 236.0 827.0
194.0 336.0 194.0 365.0
-44.0 603.0 -16.0 603.0
-72.0 869.0 -72.0 799.0
124.0 673.0 208.0 589.0
-29.0 406.0 -29.0 449.0
278.0 547.0 278.0 575.0
68.0 393.0 68.0 351.0
-72.0 491.0 12.0 575.0
12.0 631.0 -16.0 603.0
-58.0 393.0 -44.0 393.0
264.0 770.0 181.0 770.0
12.0 659.0 -16.0 659.0
-44.0 729.0 96.0 729.0
-44.0 336.0 -44.0 393.0
-44.0 700.0 96.0 700.0
306.0 365.0 306.0 435.0
278.0 603.0 278.0 631.0
181.0 449.0 264.0 533.0
-16.0 687.0 -44.0 687.0
222.0 603.0 292.0 673.0
124.0 673.0 124.0 729.0
96.0 533.0 181.0 449.0
12.0 406.0 -29.0 406.0
111.0 393.0 68.0 393.0
251.0 729.0 306.0 785.0
278.0 309.0 278.0 336.0
96.0 421.0 96.0 449.0
152.0 757.0 152.0 813.0
26.0 365.0 41.0 365.0
222.0 603.0 222.0 575.0
208.0 589.0 222.0 603.0
-44.0 729.0 -44.0 770.0
236.0 729.0 292.0 673.0
41.0 365.0 96.0 421.0
278.0 393.0 251.0 393.0
-72.0 659.0 -44.0 659.0
54.0 406.0 12.0 406.0
278.0 393.0 278.0 406.0
54.0 309.0 111.0 365.0
138.0 309.0 166.0 309.0
-72.0 799.0 -72.0 729.0
-16.0 659.0 -16.0 687.0
194.0 365.0 166.0 365.0
