78
-183.0 731.0 -154.0 731.0
-140.0 298.0 -183.0 298.0
-98.0 620.0 -183.0 703.0
-183.0 298.0 -225.0 298.0
-168.0 521.0 -168.0 494.0
-98.0 424.0 -71.0 424.0
-140.0 578.0 -98.0 620.0
-225.0 339.0 -253.0 339.0
-253.0 521.0 -168.0 521.0
-211.0 759.0 -239.0 759.0
-239.0 759.0 -239.0 788.0
-71.0 703.0 -71.0 731.0
-183.0 759.0 -183.0 788.0
-71.0 816.0 -267.0 816.0
-211.0 731.0 -211.0 703.0
-253.0 339.0 -253.0 284.0
-267.0 382.0 -183.0 298.0
-71.0 424.0 -71.0 494.0
-98.0 549.0 -98.0 578.0
-98.0 745.0 -71.0 745.0
-183.0 466.0 -267.0 382.0
-239.0 788.0 -211.0 788.0
-126.0 703.0 -126.0 676.0
-225.0 578.0 -253.0 578.0
-183.0 788.0 -98.0 788.0
-183.0 788.0 -211.0 788.0
-98.0 466.0 -98.0 424.0
-183.0 298.0 -98.0 382.0
-98.0 745.0 -98.0 759.0
-140.0 339.0 -140.0 298.0
-239.0 745.0 -239.0 759.0
-154.0 256.0 -98.0 311.0
-168.0 284.0 -168.0 256.0
-154.0 731.0 -154.0 703.0
-98.0 703.0 -71.0 703.0
-126.0 759.0 -126.0 731.0
-98.0 676.0 -98.0 703.0
-140.0 535.0 -183.0 535.0
-98.0 731.0 -98.0 745.0
-168.0 256.0 -154.0 256.0
-267.0 745.0 -239.0 745.0
-267.0 620.0 -183.0 535.0
-71.0 745.0 -71.0 816.0
-98.0 311.0 -98.0 339.0
-154.0 759.0 -183.0 759.0
-71.0 494.0 -154.0 494.0
-253.0 284.0 -168.0 284.0
-267.0 494.0 -267.0 424.0
-126.0 676.0 -98.0 676.0
-239.0 731.0 -211.0 731.0
-267.0 816.0 -267.0 745.0
-168.0 494.0 -267.0 494.0
-98.0 339.0 -140.0 339.0
-154.0 731.0 -154.0 759.0
-183.0 466.0 -98.0 466.0
-183.0 535.0 -225.0 535.0
-239.0 466.0 -183.0 466.0
-267.0 424.0 -239.0 424.0
-98.0 759.0 -126.0 759.0
-98.0 382.0 -183.0 466.0
-126.0 731.0 -154.0 731.0
-211.0 759.0 -211.0 788.0
-253.0 578.0 -253.0 521.0
-154.0 703.0 -126.0 703.0
-225.0 298.0 -225.0 339.0
-183.0 703.0 -183.0 731.0
-168.0 494.0 -154.0 494.0
-239.0 745.0 -239.0 731.0
-98.0 788.0 -98.0 759.0
-225.0 535.0 -225.0 578.0
-183.0 703.0 -267.0 620.0
-154.0 494.0 -98.0 549.0
-71.0 731.0 -98.0 731.0
-211.0 703.0 -183.0 703.0
-98.0 578.0 -140.0 578.0
-140.0 578.0 -140.0 535.0
-239.0 424.0 -239.0 466.0
-183.0 535.0 -140.0 578.0
