63
123.0 268.0 161.0 222.0
22.0 102.0 23.0 73.0
137.0 73.0 161.0 73.0
148.0 163.0 110.0 209.0
123.0 27.0 123.0 -2.0
1.0 297.0 1.0 268.0
60.0 148.0 22.0 102.0
23.0 193.0 61.0 147.0
123.0 -2.0 198.0 -2.0
198.0 297.0 123.0 297.0
161.0 222.0 198.0 268.0
1.0 -2.0 76.0 -2.0
97.0 102.0 60.0 148.0
123.0 193.0 123.0 222.0
61.0 147.0 98.0 193.0
161.0 222.0 137.0 222.0
97.0 73.0 97.0 102.0
198.0 102.0 160.0 148.0
38.0 73.0 76.0 27.0
99.0 -2.0 137.0 44.0
123.0 73.0 123.0 102.0
100.0 297.0 62.0 251.0
73.0 163.0 73.0 134.0
161.0 73.0 198.0 27.0
198.0 222.0 161.0 222.0
161.0 73.0 198.0 73.0
198.0 268.0 198.0 297.0
38.0 222.0 23.0 222.0
198.0 73.0 198.0 102.0
137.0 251.0 100.0 297.0
62.0 222.0 38.0 222.0
1.0 268.0 38.0 222.0
62.0 222.0 62.0 251.0
76.0 268.0 75.0 297.0
160.0 148.0 123.0 102.0
76.0 -2.0 76.0 27.0
123.0 73.0 97.0 73.0
62.0 73.0 97.0 73.0
62.0 44.0 62.0 73.0
62.0 44.0 99.0 -2.0
62.0 222.0 98.0 222.0
148.0 134.0 148.0 163.0
75.0 297.0 1.0 297.0
98.0 193.0 98.0 222.0
23.0 222.0 23.0 193.0
123.0 297.0 123.0 268.0
110.0 209.0 73.0 163.0
38.0 73.0 1.0 27.0
123.0 222.0 137.0 222.0
73.0 134.0 148.0 134.0
38.0 73.0 62.0 73.0
198.0 193.0 198.0 222.0
137.0 44.0 137.0 73.0
123.0 73.0 137.0 73.0
1.0 27.0 1.0 -2.0
23.0 73.0 38.0 73.0
198.0 -2.0 198.0 27.0
98.0 222.0 123.0 222.0
137.0 222.0 137.0 251.0
123.0 193.0 161.0 147.0
38.0 222.0 76.0 268.0
161.0 147.0 198.0 193.0
161.0 73.0 123.0 27.0
