424
3927.0 -681.0 3969.0 -681.0
3978.0 -671.0 3982.0 -671.0
3989.0 -723.0 3974.0 -727.0
3937.0 -675.0 3936.0 -670.0
3984.0 -681.0 3979.0 -681.0
3976.0 -679.0 3979.0 -681.0
3754.0 -712.0 3748.0 -714.0
3756.0 -704.0 3756.0 -708.0
3860.0 -703.0 3860.0 -692.0
3971.0 -673.0 3976.0 -671.0
3919.0 -722.0 3919.0 -730.0
3876.0 -673.0 3876.0 -675.0
3777.0 -670.0 3767.0 -667.0
3970.0 -663.0 3968.0 -671.0
3905.0 -714.0 3895.0 -717.0
3876.0 -675.0 3872.0 -675.0
3972.0 -706.0 3974.0 -706.0
3945.0 -665.0 3947.0 -666.0
3935.0 -666.0 3936.0 -670.0
3757.0 -711.0 3754.0 -712.0
3748.0 -687.0 3804.0 -687.0
3780.0 -710.0 3780.0 -713.0
3949.0 -714.0 3928.0 -714.0
3917.0 -722.0 3919.0 -722.0
3921.0 -659.0 3911.0 -662.0
3932.0 -670.0 3931.0 -675.0
3876.0 -659.0 3876.0 -661.0
3964.0 -674.0 3966.0 -666.0
3928.0 -716.0 3940.0 -716.0
3945.0 -718.0 3919.0 -719.0
3964.0 -714.0 3970.0 -714.0
3860.0 -730.0 3915.0 -730.0
3971.0 -681.0 3975.0 -681.0
3876.0 -661.0 3876.0 -663.0
3860.0 -691.0 3881.0 -691.0
3971.0 -663.0 3970.0 -663.0
3954.0 -666.0 3956.0 -674.0
3978.0 -696.0 3991.0 -695.0
3928.0 -659.0 3928.0 -654.0
3804.0 -687.0 3804.0 -676.0
3968.0 -657.0 3969.0 -662.0
3983.0 -709.0 3986.0 -709.0
3976.0 -671.0 3978.0 -671.0
3876.0 -651.0 3876.0 -652.0
3758.0 -658.0 3750.0 -658.0
3932.0 -676.0 3936.0 -676.0
3758.0 -658.0 3760.0 -659.0
3985.0 -685.0 3987.0 -686.0
3790.0 -668.0 3800.0 -671.0
3940.0 -660.0 3939.0 -664.0
3915.0 -698.0 3917.0 -695.0
3910.0 -659.0 3921.0 -659.0
3981.0 -651.0 3966.0 -651.0
3748.0 -659.0 3750.0 -667.0
3978.0 -720.0 3978.0 -718.0
3949.0 -656.0 3945.0 -654.0
3969.0 -664.0 3967.0 -656.0
3972.0 -706.0 3972.0 -709.0
3905.0 -687.0 3895.0 -690.0
3981.0 -654.0 3981.0 -653.0
3804.0 -676.0 3804.0 -673.0
3907.0 -716.0 3919.0 -717.0
3967.0 -656.0 3963.0 -654.0
3936.0 -662.0 3940.0 -660.0
3974.0 -727.0 3976.0 -730.0
3748.0 -730.0 3804.0 -730.0
3868.0 -717.0 3870.0 -719.0
3931.0 -670.0 3933.0 -667.0
3767.0 -667.0 3763.0 -665.0
3860.0 -681.0 3860.0 -689.0
3748.0 -653.0 3748.0 -658.0
3936.0 -670.0 3934.0 -669.0
3969.0 -681.0 3969.0 -676.0
3975.0 -681.0 3977.0 -673.0
3989.0 -699.0 3974.0 -703.0
3935.0 -667.0 3935.0 -666.0
3971.0 -663.0 3973.0 -662.0
3976.0 -671.0 3976.0 -663.0
3954.0 -667.0 3950.0 -665.0
3823.0 -672.0 3819.0 -670.0
3762.0 -658.0 3762.0 -653.0
3880.0 -689.0 3866.0 -689.0
3949.0 -665.0 3951.0 -664.0
3907.0 -689.0 3905.0 -687.0
3917.0 -695.0 3919.0 -695.0
3974.0 -727.0 3974.0 -725.0
3919.0 -716.0 3928.0 -716.0
3978.0 -726.0 3993.0 -722.0
3763.0 -665.0 3757.0 -668.0
3935.0 -666.0 3935.0 -662.0
3977.0 -673.0 3974.0 -671.0
3987.0 -653.0 3981.0 -653.0
3944.0 -675.0 3946.0 -676.0
3960.0 -653.0 3958.0 -652.0
3978.0 -693.0 3993.0 -689.0
3970.0 -710.0 3970.0 -709.0
3897.0 -653.0 3918.0 -653.0
3969.0 -681.0 3971.0 -681.0
3978.0 -717.0 3966.0 -716.0
3910.0 -659.0 3897.0 -659.0
3820.0 -671.0 3820.0 -657.0
3937.0 -674.0 3941.0 -676.0
3981.0 -653.0 3981.0 -651.0
3757.0 -668.0 3754.0 -669.0
3976.0 -663.0 3971.0 -663.0
3974.0 -701.0 3962.0 -700.0
3870.0 -683.0 3868.0 -683.0
3800.0 -671.0 3804.0 -673.0
3897.0 -663.0 3910.0 -662.0
3990.0 -680.0 3989.0 -679.0
3985.0 -679.0 3984.0 -680.0
3954.0 -676.0 3956.0 -675.0
3819.0 -652.0 3876.0 -652.0
3748.0 -659.0 3750.0 -658.0
3860.0 -708.0 3858.0 -711.0
3860.0 -689.0 3866.0 -689.0
3942.0 -652.0 3940.0 -651.0
3973.0 -656.0 3969.0 -656.0
3984.0 -680.0 3985.0 -685.0
3763.0 -665.0 3790.0 -668.0
3989.0 -729.0 3989.0 -723.0
3819.0 -651.0 3763.0 -651.0
3989.0 -679.0 3985.0 -679.0
3754.0 -669.0 3748.0 -671.0
3970.0 -709.0 3972.0 -706.0
3984.0 -671.0 3982.0 -671.0
3866.0 -689.0 3868.0 -681.0
3986.0 -709.0 3986.0 -705.0
3831.0 -709.0 3841.0 -712.0
3931.0 -675.0 3932.0 -676.0
3982.0 -663.0 3987.0 -661.0
3789.0 -709.0 3793.0 -709.0
3795.0 -706.0 3798.0 -705.0
3945.0 -654.0 3941.0 -656.0
3991.0 -711.0 3976.0 -715.0
3768.0 -703.0 3756.0 -703.0
3876.0 -675.0 3927.0 -675.0
3785.0 -707.0 3789.0 -709.0
3910.0 -662.0 3910.0 -659.0
3959.0 -665.0 3956.0 -665.0
3748.0 -704.0 3748.0 -712.0
3860.0 -681.0 3860.0 -678.0
3957.0 -664.0 3959.0 -665.0
3928.0 -714.0 3915.0 -714.0
3974.0 -706.0 3974.0 -703.0
3960.0 -676.0 3964.0 -674.0
3978.0 -722.0 3978.0 -720.0
3918.0 -653.0 3918.0 -651.0
3919.0 -695.0 3919.0 -694.0
3941.0 -665.0 3945.0 -665.0
3959.0 -665.0 3964.0 -665.0
3897.0 -651.0 3876.0 -651.0
3940.0 -660.0 3941.0 -656.0
3943.0 -699.0 3952.0 -698.0
3982.0 -671.0 3984.0 -663.0
3857.0 -677.0 3861.0 -679.0
3978.0 -702.0 3993.0 -698.0
3923.0 -686.0 3923.0 -691.0
3962.0 -700.0 3960.0 -698.0
3978.0 -693.0 3980.0 -696.0
3754.0 -712.0 3756.0 -704.0
3921.0 -659.0 3923.0 -661.0
3841.0 -712.0 3845.0 -714.0
3956.0 -674.0 3960.0 -676.0
3777.0 -713.0 3767.0 -710.0
3860.0 -730.0 3860.0 -719.0
3966.0 -651.0 3966.0 -655.0
3804.0 -714.0 3804.0 -716.0
3956.0 -665.0 3954.0 -666.0
3978.0 -687.0 3978.0 -686.0
3969.0 -656.0 3968.0 -657.0
3993.0 -722.0 3991.0 -719.0
3949.0 -714.0 3964.0 -714.0
3971.0 -686.0 3978.0 -686.0
3793.0 -707.0 3793.0 -709.0
3919.0 -718.0 3940.0 -718.0
3847.0 -674.0 3857.0 -677.0
3793.0 -712.0 3793.0 -709.0
3935.0 -662.0 3923.0 -661.0
3950.0 -652.0 3948.0 -653.0
3758.0 -667.0 3760.0 -659.0
3919.0 -699.0 3931.0 -700.0
3978.0 -656.0 3976.0 -655.0
3868.0 -681.0 3865.0 -679.0
3973.0 -661.0 3974.0 -662.0
3793.0 -707.0 3795.0 -706.0
3930.0 -652.0 3932.0 -660.0
3948.0 -653.0 3950.0 -661.0
3768.0 -708.0 3768.0 -705.0
3945.0 -665.0 3949.0 -665.0
3970.0 -714.0 3970.0 -716.0
3971.0 -686.0 3971.0 -681.0
3748.0 -687.0 3748.0 -701.0
3969.0 -662.0 3971.0 -663.0
3804.0 -703.0 3804.0 -692.0
3946.0 -676.0 3941.0 -676.0
3966.0 -716.0 3964.0 -714.0
3819.0 -708.0 3813.0 -711.0
3933.0 -702.0 3943.0 -699.0
3748.0 -671.0 3748.0 -687.0
3954.0 -717.0 3945.0 -718.0
3881.0 -691.0 3881.0 -689.0
3921.0 -694.0 3919.0 -694.0
3756.0 -703.0 3756.0 -704.0
3753.0 -702.0 3756.0 -704.0
3976.0 -706.0 3989.0 -705.0
3979.0 -661.0 3982.0 -663.0
3915.0 -703.0 3915.0 -698.0
3979.0 -661.0 3978.0 -656.0
3919.0 -695.0 3919.0 -699.0
3833.0 -713.0 3823.0 -710.0
3991.0 -717.0 3991.0 -711.0
3895.0 -717.0 3886.0 -718.0
3978.0 -718.0 3978.0 -717.0
3753.0 -702.0 3748.0 -704.0
3758.0 -658.0 3762.0 -658.0
3983.0 -709.0 3970.0 -710.0
3872.0 -675.0 3872.0 -680.0
3813.0 -711.0 3804.0 -714.0
3940.0 -651.0 3932.0 -651.0
3931.0 -675.0 3931.0 -670.0
3978.0 -687.0 3991.0 -686.0
3927.0 -676.0 3932.0 -676.0
3895.0 -690.0 3886.0 -691.0
3984.0 -679.0 3984.0 -671.0
3860.0 -692.0 3860.0 -691.0
3876.0 -663.0 3897.0 -663.0
3974.0 -725.0 3976.0 -722.0
3876.0 -673.0 3876.0 -664.0
3886.0 -718.0 3860.0 -719.0
3804.0 -703.0 3804.0 -706.0
3819.0 -652.0 3819.0 -657.0
3748.0 -701.0 3775.0 -704.0
3927.0 -686.0 3923.0 -686.0
3754.0 -669.0 3758.0 -667.0
3763.0 -708.0 3757.0 -711.0
3868.0 -683.0 3868.0 -688.0
3860.0 -678.0 3833.0 -675.0
3798.0 -705.0 3804.0 -703.0
3876.0 -653.0 3897.0 -653.0
3872.0 -680.0 3870.0 -683.0
3993.0 -698.0 3991.0 -695.0
3976.0 -730.0 3989.0 -729.0
3911.0 -662.0 3902.0 -663.0
3963.0 -654.0 3959.0 -656.0
3993.0 -695.0 3993.0 -689.0
3860.0 -716.0 3833.0 -713.0
3941.0 -702.0 3915.0 -703.0
3991.0 -719.0 3978.0 -720.0
3768.0 -710.0 3780.0 -710.0
3932.0 -660.0 3936.0 -662.0
3978.0 -693.0 3978.0 -687.0
3750.0 -667.0 3754.0 -669.0
3860.0 -703.0 3915.0 -703.0
3933.0 -667.0 3935.0 -667.0
3984.0 -663.0 3981.0 -661.0
3886.0 -691.0 3860.0 -692.0
3974.0 -703.0 3974.0 -701.0
3928.0 -716.0 3928.0 -714.0
3987.0 -686.0 3989.0 -685.0
3958.0 -652.0 3950.0 -652.0
3936.0 -676.0 3937.0 -675.0
3748.0 -712.0 3754.0 -712.0
3960.0 -698.0 3950.0 -701.0
3789.0 -709.0 3793.0 -707.0
3941.0 -665.0 3937.0 -665.0
3861.0 -679.0 3867.0 -676.0
3880.0 -716.0 3889.0 -715.0
3989.0 -685.0 3990.0 -680.0
3804.0 -673.0 3777.0 -670.0
3967.0 -665.0 3969.0 -664.0
3993.0 -689.0 3991.0 -686.0
3981.0 -653.0 3979.0 -661.0
3934.0 -669.0 3932.0 -670.0
3976.0 -655.0 3974.0 -656.0
3927.0 -675.0 3931.0 -675.0
3980.0 -696.0 3993.0 -695.0
3748.0 -658.0 3750.0 -658.0
3763.0 -651.0 3763.0 -665.0
3927.0 -676.0 3927.0 -675.0
3865.0 -679.0 3860.0 -681.0
3979.0 -681.0 3975.0 -681.0
3927.0 -676.0 3927.0 -681.0
3804.0 -730.0 3860.0 -730.0
3860.0 -689.0 3860.0 -691.0
3845.0 -714.0 3851.0 -711.0
3876.0 -654.0 3876.0 -653.0
3919.0 -718.0 3919.0 -717.0
3819.0 -670.0 3813.0 -673.0
3973.0 -662.0 3974.0 -657.0
3897.0 -661.0 3897.0 -659.0
3974.0 -671.0 3969.0 -673.0
3919.0 -730.0 3974.0 -730.0
3780.0 -710.0 3780.0 -709.0
3927.0 -686.0 3927.0 -681.0
3936.0 -670.0 3937.0 -674.0
3780.0 -713.0 3793.0 -712.0
3989.0 -705.0 3989.0 -699.0
3923.0 -691.0 3921.0 -694.0
3876.0 -653.0 3876.0 -652.0
3775.0 -704.0 3785.0 -707.0
3851.0 -711.0 3860.0 -708.0
3876.0 -657.0 3876.0 -654.0
3876.0 -659.0 3876.0 -657.0
3819.0 -667.0 3819.0 -657.0
3880.0 -689.0 3882.0 -691.0
3950.0 -665.0 3946.0 -667.0
3978.0 -686.0 3984.0 -686.0
3946.0 -667.0 3944.0 -675.0
3952.0 -698.0 3978.0 -697.0
3964.0 -665.0 3967.0 -665.0
3804.0 -692.0 3860.0 -692.0
3950.0 -701.0 3941.0 -702.0
3976.0 -679.0 3978.0 -671.0
3804.0 -730.0 3804.0 -716.0
3976.0 -722.0 3978.0 -722.0
3949.0 -716.0 3949.0 -714.0
3763.0 -708.0 3768.0 -708.0
3892.0 -688.0 3901.0 -687.0
3756.0 -708.0 3763.0 -708.0
3972.0 -709.0 3983.0 -709.0
3928.0 -654.0 3876.0 -654.0
3959.0 -656.0 3957.0 -664.0
3780.0 -709.0 3780.0 -705.0
3919.0 -716.0 3919.0 -717.0
3941.0 -676.0 3936.0 -676.0
3793.0 -712.0 3793.0 -715.0
3958.0 -661.0 3960.0 -653.0
3921.0 -659.0 3928.0 -659.0
3937.0 -665.0 3935.0 -666.0
3931.0 -700.0 3933.0 -702.0
3964.0 -665.0 3966.0 -666.0
3964.0 -714.0 3954.0 -717.0
3970.0 -714.0 3970.0 -710.0
3986.0 -705.0 3972.0 -706.0
3969.0 -676.0 3960.0 -676.0
3793.0 -715.0 3799.0 -715.0
3974.0 -657.0 3973.0 -656.0
3810.0 -670.0 3819.0 -667.0
3876.0 -661.0 3897.0 -661.0
3870.0 -719.0 3880.0 -716.0
3876.0 -659.0 3897.0 -659.0
3789.0 -709.0 3780.0 -709.0
3748.0 -714.0 3748.0 -730.0
3819.0 -657.0 3820.0 -657.0
3856.0 -711.0 3856.0 -716.0
3960.0 -676.0 3954.0 -676.0
3860.0 -719.0 3860.0 -716.0
3919.0 -722.0 3919.0 -719.0
3820.0 -671.0 3847.0 -674.0
3945.0 -674.0 3947.0 -666.0
3978.0 -696.0 3978.0 -693.0
3919.0 -719.0 3919.0 -718.0
3939.0 -664.0 3941.0 -665.0
3974.0 -662.0 3978.0 -662.0
3950.0 -661.0 3954.0 -663.0
3927.0 -686.0 3971.0 -686.0
3860.0 -708.0 3860.0 -703.0
3966.0 -655.0 3981.0 -654.0
3868.0 -688.0 3880.0 -689.0
3919.0 -690.0 3907.0 -689.0
3804.0 -706.0 3831.0 -709.0
3915.0 -714.0 3907.0 -714.0
3780.0 -705.0 3768.0 -705.0
3907.0 -716.0 3905.0 -714.0
3956.0 -675.0 3954.0 -667.0
3804.0 -692.0 3804.0 -687.0
3983.0 -709.0 3985.0 -712.0
3974.0 -703.0 3976.0 -706.0
3823.0 -710.0 3819.0 -708.0
3813.0 -673.0 3804.0 -676.0
3941.0 -656.0 3942.0 -652.0
3897.0 -653.0 3897.0 -651.0
3984.0 -686.0 3984.0 -681.0
3889.0 -715.0 3915.0 -714.0
3919.0 -694.0 3919.0 -690.0
3974.0 -656.0 3973.0 -661.0
3915.0 -725.0 3917.0 -722.0
3978.0 -718.0 3991.0 -717.0
3798.0 -705.0 3793.0 -707.0
3978.0 -662.0 3979.0 -661.0
3804.0 -673.0 3810.0 -670.0
3799.0 -715.0 3801.0 -707.0
3978.0 -697.0 3978.0 -696.0
3987.0 -661.0 3987.0 -653.0
3978.0 -697.0 3978.0 -702.0
3819.0 -652.0 3819.0 -651.0
3974.0 -730.0 3974.0 -727.0
3951.0 -664.0 3949.0 -656.0
3901.0 -687.0 3927.0 -686.0
3798.0 -705.0 3801.0 -707.0
3941.0 -676.0 3945.0 -674.0
3970.0 -716.0 3985.0 -712.0
3940.0 -716.0 3949.0 -716.0
3820.0 -657.0 3876.0 -657.0
3858.0 -711.0 3856.0 -711.0
3954.0 -663.0 3958.0 -661.0
3968.0 -671.0 3971.0 -673.0
3902.0 -663.0 3876.0 -664.0
3907.0 -714.0 3907.0 -716.0
3856.0 -716.0 3868.0 -717.0
3979.0 -681.0 3984.0 -679.0
3777.0 -713.0 3804.0 -716.0
3915.0 -730.0 3915.0 -725.0
3946.0 -676.0 3954.0 -676.0
3867.0 -676.0 3876.0 -673.0
3940.0 -718.0 3940.0 -716.0
3768.0 -708.0 3768.0 -710.0
3876.0 -664.0 3876.0 -663.0
3981.0 -661.0 3976.0 -663.0
3762.0 -653.0 3748.0 -653.0
3907.0 -716.0 3919.0 -716.0
3882.0 -691.0 3892.0 -688.0
3932.0 -651.0 3930.0 -652.0
3918.0 -651.0 3897.0 -651.0
3763.0 -708.0 3767.0 -710.0
3768.0 -705.0 3768.0 -703.0
3833.0 -675.0 3823.0 -672.0
3897.0 -663.0 3897.0 -661.0
3976.0 -715.0 3978.0 -718.0
3969.0 -673.0 3969.0 -676.0
3881.0 -689.0 3880.0 -689.0
3978.0 -722.0 3978.0 -726.0
3915.0 -714.0 3915.0 -703.0
