GA:

Execução 1:

Tempo de Inicio (hh:mm:ss.ms) 2019-09-13 00:54:00.819842
gen	min     	max     	avg     	std   
0  	2.558,23	3.296,56	3.005,63	104,01
1  	2.535,7 	3.304,08	2.948,68	97,2727
465	2.144,14	2.975,7 	2.160,29	64,3787
Tempo de Termino (hh:mm:ss.ms) 2019-09-13 01:08:41.395716
Tempo Total (hh:mm:ss.ms) 0:14:40.575874
Individuo: [[14, 10, 11, 12, 19, 22, 16, 13, 23, 3, 5, 17, 18, 9, 6, 24, 2, 25, 7, 8, 0, 20, 1, 15, 4, 21], [0, 0, 0, 1, 1, 0, 1, 1, 0, 0, 1, 1, 0, 1, 1, 1, 1, 1, 0, 0, 0, 0, 0, 0, 0, 0]]
Fitness:  2138.284271247462

Execução 2:

Tempo de Inicio (hh:mm:ss.ms) 2019-09-13 01:08:42.345193
gen	min     	max     	avg     	std    
0  	2.598,66	3.327,38	3.007,83	102,958
1  	2.553,07	3.317,12	2.948,55	97,0993
489	2.152,36	2.921,06	2.169,07	66,6029
Tempo de Termino (hh:mm:ss.ms) 2019-09-13 01:24:09.996437
Tempo Total (hh:mm:ss.ms) 0:15:27.651244
Individuo: [[14, 10, 11, 12, 18, 16, 13, 9, 0, 4, 2, 25, 15, 24, 6, 8, 7, 21, 23, 3, 5, 17, 22, 19, 20, 1], [0, 0, 0, 1, 1, 1, 1, 1, 1, 1, 1, 1, 0, 0, 0, 1, 0, 0, 0, 0, 1, 1, 1, 0, 0, 0]]
Fitness:  2150.0

Execução 3:

Tempo de Inicio (hh:mm:ss.ms) 2019-09-13 01:24:10.922039
gen	min    	max     	avg     	std    
0  	2.639,3	3.320,17	3.008,49	102,718
1  	2.561,62	3.307,83	2.949,15	98,1246
482	2.142,36	2.809,65	2.159,32	67,7672
Tempo de Termino (hh:mm:ss.ms) 2019-09-13 01:39:19.801322
Tempo Total (hh:mm:ss.ms) 0:15:08.879283
Individuo: [[14, 10, 11, 12, 18, 17, 5, 3, 23, 13, 21, 7, 25, 15, 19, 20, 6, 24, 4, 2, 8, 0, 9, 16, 22, 1], [0, 0, 0, 1, 1, 1, 0, 1, 1, 0, 1, 1, 1, 0, 1, 1, 1, 1, 1, 1, 0, 0, 0, 0, 1, 0]]
Fitness:  2142.360679774998

Execução 4:

Tempo de Inicio (hh:mm:ss.ms) 2019-09-13 01:39:20.726300
gen	min    	max     	avg     	std    
0  	2.592,3	3.307,43	3.008,18	103,221
1  	2.592,3	3.290,58	2.948,03	97,1122
469	2.142,36	2.882,74	2.159,59	66,994 
Tempo de Termino (hh:mm:ss.ms) 2019-09-13 01:54:06.688082
Tempo Total (hh:mm:ss.ms) 0:14:45.961782
Individuo: [[14, 10, 11, 12, 18, 16, 13, 21, 23, 3, 5, 17, 22, 20, 0, 4, 2, 25, 7, 8, 24, 15, 1, 19, 6, 9], [0, 0, 0, 1, 1, 1, 1, 0, 0, 0, 1, 1, 1, 1, 1, 1, 1, 1, 0, 0, 0, 1, 1, 0, 0, 0]]
Fitness:  2142.360679774998

Execução 5:

Tempo de Inicio (hh:mm:ss.ms) 2019-09-13 01:54:07.608166
gen	min     	max     	avg     	std    
0  	2.606,15	3.341,72	3.005,53	101,954
1  	2.597,36	3.292,84	2.947,23	95,6965
481	2.146,57	2.974,23	2.163,97	68,4642
Tempo de Termino (hh:mm:ss.ms) 2019-09-13 02:09:17.597882
Tempo Total (hh:mm:ss.ms) 0:15:09.989716
Individuo: [[14, 10, 11, 12, 19, 20, 0, 7, 25, 2, 15, 1, 22, 17, 5, 3, 23, 21, 8, 4, 24, 6, 9, 18, 16, 13], [0, 0, 0, 1, 1, 1, 1, 1, 0, 0, 1, 1, 0, 0, 0, 1, 1, 1, 0, 1, 0, 0, 0, 1, 1, 1]]
Fitness:  2138.284271247462

Execução 6:

Tempo de Inicio (hh:mm:ss.ms) 2019-09-13 02:09:18.518513
gen	min     	max     	avg    	std    
0  	2.589,52	3.300,07	3.007,8	102,628
1  	2.568,1 	3.323,31	2.949,23	97,032 
473	2.142,36	2.948,04	2.159,7 	67,959 
Tempo de Termino (hh:mm:ss.ms) 2019-09-13 02:24:13.579744
Tempo Total (hh:mm:ss.ms) 0:14:55.061231
Individuo: [[14, 10, 11, 12, 18, 17, 5, 3, 23, 13, 16, 22, 19, 24, 4, 0, 9, 21, 8, 7, 2, 25, 15, 6, 20, 1], [0, 0, 0, 1, 1, 0, 0, 1, 1, 0, 0, 1, 0, 1, 0, 0, 0, 1, 1, 1, 1, 1, 0, 0, 0, 0]]
Fitness:  2142.360679774998

Execução 7:

Tempo de Inicio (hh:mm:ss.ms) 2019-09-13 02:24:14.544613
gen	min    	max     	avg     	std    
0  	2.617,6	3.329,65	3.005,99	103,297
1  	2.572,47	3.308,41	2.946,54	97,1233
463	2.142,36	2.856,94	2.160,35	68,6837
Tempo de Termino (hh:mm:ss.ms) 2019-09-13 02:38:51.050197
Tempo Total (hh:mm:ss.ms) 0:14:36.505584
Individuo: [[14, 10, 11, 12, 18, 5, 3, 23, 13, 21, 7, 25, 15, 6, 9, 16, 17, 22, 19, 24, 2, 8, 4, 0, 20, 1], [0, 0, 0, 1, 1, 0, 1, 1, 0, 1, 1, 1, 0, 0, 0, 0, 0, 1, 0, 1, 1, 0, 1, 0, 0, 0]]
Fitness:  2142.360679774998

Execução 8:

Tempo de Inicio (hh:mm:ss.ms) 2019-09-13 02:38:51.972234
gen	min     	max     	avg     	std    
0  	2.637,59	3.335,49	3.006,98	102,442
1  	2.599,39	3.320,16	2.948,61	95,9347
520	2.162,36	2.877,65	2.178,66	64,1762
Tempo de Termino (hh:mm:ss.ms) 2019-09-13 02:55:20.409455
Tempo Total (hh:mm:ss.ms) 0:16:28.437221
Individuo: [[25, 14, 10, 1, 19, 22, 20, 0, 8, 21, 7, 2, 4, 24, 15, 6, 9, 16, 13, 23, 3, 5, 17, 18, 12, 11], [0, 0, 0, 1, 0, 1, 1, 1, 1, 0, 1, 0, 0, 0, 1, 0, 0, 0, 1, 0, 0, 1, 0, 0, 0, 1]]
Fitness:  2162.360679774998

Execução 9:

Tempo de Inicio (hh:mm:ss.ms) 2019-09-13 02:55:21.339186
gen	min    	max     	avg    	std    
0  	2.596,5	3.311,76	3.005,4	103,979
1  	2.569,53	3.283,65	2.945,96	98,7118
527	2.138,28	2.912,32	2.154,68	65,8257
Tempo de Termino (hh:mm:ss.ms) 2019-09-13 03:12:04.871590
Tempo Total (hh:mm:ss.ms) 0:16:43.532404
Individuo: [[14, 10, 11, 12, 18, 17, 5, 3, 23, 13, 16, 22, 19, 9, 0, 8, 4, 24, 15, 1, 20, 6, 2, 25, 7, 21], [0, 0, 0, 1, 1, 1, 0, 1, 1, 0, 0, 1, 0, 1, 1, 0, 1, 0, 1, 1, 1, 1, 1, 0, 0, 0]]
Fitness:  2138.284271247462

Execução 10:

Tempo de Inicio (hh:mm:ss.ms) 2019-09-13 03:12:05.790559
gen	min     	max     	avg     	std   
0  	2.591,57	3.314,14	3.006,75	103,06
1  	2.565,15	3.336,46	2.947,05	97,7792
469	2.142,36	2.937,65	2.158,13	64,2153
Tempo de Termino (hh:mm:ss.ms) 2019-09-13 03:26:56.738894
Tempo Total (hh:mm:ss.ms) 0:14:50.948335
Individuo: [[14, 10, 11, 12, 18, 17, 5, 3, 23, 13, 9, 0, 2, 25, 7, 21, 8, 4, 24, 6, 20, 19, 15, 1, 22, 16], [0, 0, 0, 1, 1, 0, 0, 1, 1, 0, 1, 1, 1, 0, 0, 1, 0, 1, 0, 0, 0, 0, 1, 1, 0, 1]]
Fitness:  2142.360679774998

