GA:

Execução 1:

Tempo de Inicio (hh:mm:ss.ms) 2019-09-13 03:26:57.665197
gen	min     	max     	avg    	std    
0  	2.761,54	3.469,98	3.162,1	106,491
1  	2.728,7 	3.460,1 	3.100,63	101,369
505	2.183,03	2.970,85	2.202,72	75,2757
Tempo de Termino (hh:mm:ss.ms) 2019-09-13 03:44:11.255907
Tempo Total (hh:mm:ss.ms) 0:17:13.590710
Individuo: [[14, 11, 12, 13, 18, 4, 26, 28, 8, 19, 9, 24, 22, 6, 27, 2, 25, 3, 7, 0, 5, 15, 1, 21, 10, 16, 17, 23, 20], [0, 0, 0, 1, 1, 0, 1, 0, 0, 1, 1, 1, 1, 1, 0, 0, 0, 0, 0, 0, 1, 1, 1, 1, 0, 0, 0, 1, 0]]
Fitness:  2183.0277563773197

Execução 2:

Tempo de Inicio (hh:mm:ss.ms) 2019-09-13 03:44:12.467175
gen	min     	max     	avg     	std    
0  	2.738,51	3.457,93	3.160,65	108,276
1  	2.747,21	3.481,59	3.098,14	103,364
483	2.186,18	3.074,25	2.204,87	74,4815
Tempo de Termino (hh:mm:ss.ms) 2019-09-13 04:00:40.604560
Tempo Total (hh:mm:ss.ms) 0:16:28.137385
Individuo: [[14, 11, 12, 13, 18, 4, 26, 9, 24, 19, 22, 6, 27, 2, 5, 0, 7, 3, 25, 15, 1, 21, 10, 28, 8, 16, 17, 23, 20], [0, 0, 0, 1, 1, 0, 1, 1, 1, 0, 1, 1, 1, 0, 0, 1, 1, 1, 0, 1, 1, 1, 0, 0, 0, 0, 0, 1, 0]]
Fitness:  2186.180339887499

Execução 3:

Tempo de Inicio (hh:mm:ss.ms) 2019-09-13 04:00:41.661640
gen	min     	max    	avg    	std    
0  	2.700,51	3.504,1	3.161,6	107,983
1  	2.700,51	3.481,67	3.099  	103,315
534	2.226,03	3.121,23	2.244,29	71,9195
Tempo de Termino (hh:mm:ss.ms) 2019-09-13 04:19:05.801543
Tempo Total (hh:mm:ss.ms) 0:18:24.139903
Individuo: [[14, 11, 12, 13, 18, 4, 26, 9, 24, 19, 28, 17, 16, 8, 22, 7, 6, 27, 25, 15, 1, 21, 0, 3, 2, 5, 10, 23, 20], [0, 0, 0, 1, 1, 0, 1, 1, 1, 0, 1, 1, 1, 1, 1, 1, 1, 1, 0, 1, 1, 1, 1, 1, 1, 0, 0, 1, 0]]
Fitness:  2214.28650381067

Execução 4:

Tempo de Inicio (hh:mm:ss.ms) 2019-09-13 04:19:06.882714
gen	min     	max     	avg     	std   
0  	2.762,51	3.501,67	3.162,71	107,96
1  	2.705,78	3.461,05	3.099,87	102,627
497	2.192,36	3.177,31	2.211,46	74,3992
Tempo de Termino (hh:mm:ss.ms) 2019-09-13 04:36:06.874387
Tempo Total (hh:mm:ss.ms) 0:16:59.991673
Individuo: [[14, 11, 12, 13, 20, 23, 17, 18, 4, 26, 28, 9, 24, 19, 8, 16, 10, 0, 3, 5, 21, 1, 15, 25, 2, 7, 22, 6, 27], [0, 0, 0, 1, 1, 0, 0, 0, 0, 1, 1, 1, 1, 0, 0, 1, 1, 1, 1, 0, 0, 0, 0, 1, 1, 0, 1, 1, 1]]
Fitness:  2192.360679774998

Execução 5:

Tempo de Inicio (hh:mm:ss.ms) 2019-09-13 04:36:07.941820
gen	min     	max     	avg     	std    
0  	2.734,27	3.481,65	3.162,37	107,059
1  	2.691,37	3.463,92	3.099,48	103,509
517	2.224,79	2.986,89	2.242,09	69,435 
Tempo de Termino (hh:mm:ss.ms) 2019-09-13 04:53:55.527657
Tempo Total (hh:mm:ss.ms) 0:17:47.585837
Individuo: [[14, 11, 12, 13, 18, 4, 26, 8, 10, 19, 28, 9, 24, 22, 2, 3, 7, 6, 27, 25, 1, 15, 5, 0, 21, 20, 23, 16, 17], [0, 0, 0, 1, 1, 0, 1, 0, 1, 0, 1, 1, 1, 1, 0, 0, 1, 1, 1, 0, 0, 0, 0, 0, 0, 0, 0, 0, 0]]
Fitness:  2224.787086646191

Execução 6:

Tempo de Inicio (hh:mm:ss.ms) 2019-09-13 04:53:56.630755
gen	min     	max     	avg     	std    
0  	2.741,05	3.462,05	3.160,64	107,917
1  	2.725,65	3.468,15	3.100,39	102,356
513	2.210,32	3.090,64	2.229,34	73,5847
Tempo de Termino (hh:mm:ss.ms) 2019-09-13 05:11:33.239202
Tempo Total (hh:mm:ss.ms) 0:17:36.608447
Individuo: [[14, 11, 12, 13, 20, 1, 15, 25, 7, 6, 27, 2, 3, 0, 21, 5, 10, 9, 24, 22, 19, 8, 16, 17, 4, 26, 28, 23, 18], [0, 0, 0, 1, 1, 0, 0, 1, 1, 1, 1, 0, 0, 0, 0, 0, 0, 1, 1, 1, 0, 0, 0, 0, 0, 1, 0, 1, 1]]
Fitness:  2210.32247551123

Execução 7:

Tempo de Inicio (hh:mm:ss.ms) 2019-09-13 05:11:34.309618
gen	min     	max     	avg    	std  
0  	2.726,43	3.467,56	3.161,1	107,4
1  	2.721,59	3.460,77	3.100,17	101,043
516	2.209,53	2.926,09	2.226,69	68,946 
Tempo de Termino (hh:mm:ss.ms) 2019-09-13 05:29:21.790747
Tempo Total (hh:mm:ss.ms) 0:17:47.481129
Individuo: [[14, 11, 12, 13, 18, 4, 26, 9, 24, 28, 10, 23, 17, 16, 8, 19, 22, 6, 2, 27, 7, 0, 3, 25, 15, 1, 5, 21, 20], [0, 0, 0, 1, 1, 0, 1, 1, 1, 0, 1, 0, 0, 1, 1, 1, 1, 1, 0, 0, 0, 0, 1, 0, 1, 1, 0, 0, 0]]
Fitness:  2209.530571776049

Execução 8:

Tempo de Inicio (hh:mm:ss.ms) 2019-09-13 05:29:22.873681
gen	min     	max     	avg     	std    
0  	2.759,61	3.499,09	3.161,05	107,361
1  	2.744,68	3.469,34	3.099,84	101,027
493	2.200   	3.158,12	2.218,67	73,1324
Tempo de Termino (hh:mm:ss.ms) 2019-09-13 05:46:19.390016
Tempo Total (hh:mm:ss.ms) 0:16:56.516335
Individuo: [[14, 11, 12, 13, 18, 4, 26, 9, 24, 19, 28, 8, 16, 17, 23, 0, 7, 3, 25, 5, 15, 1, 20, 21, 10, 22, 6, 2, 27], [0, 0, 0, 1, 1, 0, 1, 1, 1, 0, 0, 0, 0, 0, 1, 1, 1, 1, 0, 0, 1, 1, 1, 1, 0, 1, 1, 0, 1]]
Fitness:  2200.0

Execução 9:

Tempo de Inicio (hh:mm:ss.ms) 2019-09-13 05:46:20.483134
gen	min     	max     	avg     	std    
0  	2.736,45	3.478,15	3.161,44	107,929
1  	2.725,67	3.439,22	3.099,95	102,404
537	2.215,39	3.049,35	2.234,09	73,1601
Tempo de Termino (hh:mm:ss.ms) 2019-09-13 06:04:56.741071
Tempo Total (hh:mm:ss.ms) 0:18:36.257937
Individuo: [[14, 11, 12, 13, 18, 17, 4, 26, 28, 8, 16, 19, 9, 24, 22, 6, 7, 3, 27, 2, 25, 5, 0, 21, 23, 10, 15, 1, 20], [0, 0, 0, 1, 1, 1, 0, 1, 0, 0, 1, 1, 1, 1, 1, 1, 0, 1, 0, 0, 0, 0, 1, 0, 0, 1, 1, 1, 0]]
Fitness:  2215.388436152318

Execução 10:

Tempo de Inicio (hh:mm:ss.ms) 2019-09-13 06:04:57.826172
gen	min     	max     	avg     	std    
0  	2.713,01	3.502,62	3.161,45	107,763
1  	2.650,62	3.494,37	3.100,93	103,243
457	2.197,17	3.085,84	2.215,04	70,0196
Tempo de Termino (hh:mm:ss.ms) 2019-09-13 06:20:39.389843
Tempo Total (hh:mm:ss.ms) 0:15:41.563671
Individuo: [[14, 11, 12, 13, 18, 17, 4, 26, 28, 19, 24, 9, 22, 7, 6, 27, 2, 3, 0, 21, 5, 10, 8, 16, 23, 20, 1, 15, 25], [0, 0, 0, 1, 1, 1, 0, 1, 0, 1, 0, 0, 1, 1, 1, 1, 0, 0, 0, 0, 0, 0, 0, 0, 1, 0, 0, 0, 1]]
Fitness:  2197.169892001051

