GA:

Execução 1:

Tempo de Inicio (hh:mm:ss.ms) 2019-09-12 02:50:55.360746
gen	min     	max    	avg     	std    
0  	1.631,33	2.158,6	1.936,01	81,0436
1  	1.610,23	2.146,49	1.888,2 	77,2638
378	1.404,14	1.936,76	1.413,7 	41,7601
Tempo de Termino (hh:mm:ss.ms) 2019-09-12 03:00:27.079812
Tempo Total (hh:mm:ss.ms) 0:09:31.719066
Individuo: [[17, 14, 7, 2, 6, 5, 16, 15, 3, 1, 12, 4, 8, 10, 9, 0, 11, 13], [0, 0, 1, 1, 1, 1, 0, 0, 1, 1, 1, 0, 1, 1, 1, 0, 0, 1]]
Fitness:  1404.142135623731

Execução 2:

Tempo de Inicio (hh:mm:ss.ms) 2019-09-12 03:00:27.904080
gen	min     	max     	avg     	std    
0  	1.598,23	2.156,19	1.935,87	80,9776
1  	1.598,23	2.133,97	1.888,99	78,1127
381	1.404,14	1.930,38	1.413,6 	41,3598
Tempo de Termino (hh:mm:ss.ms) 2019-09-12 03:10:06.952076
Tempo Total (hh:mm:ss.ms) 0:09:39.047996
Individuo: [[17, 14, 7, 2, 6, 5, 15, 16, 3, 1, 10, 8, 4, 12, 9, 0, 11, 13], [0, 0, 1, 1, 1, 1, 1, 1, 1, 1, 1, 0, 1, 0, 1, 0, 0, 1]]
Fitness:  1404.142135623731

Execução 3:

Tempo de Inicio (hh:mm:ss.ms) 2019-09-12 03:10:07.776295
gen	min     	max    	avg     	std   
0  	1.626,08	2.163,8	1.936,56	80,542
1  	1.604,63	2.152,03	1.890,88	77,8086
388	1.404,14	1.933   	1.414,52	44,2225
Tempo de Termino (hh:mm:ss.ms) 2019-09-12 03:19:57.056721
Tempo Total (hh:mm:ss.ms) 0:09:49.280426
Individuo: [[17, 14, 7, 2, 6, 5, 3, 1, 10, 9, 8, 16, 15, 4, 12, 0, 11, 13], [0, 0, 1, 1, 1, 1, 1, 1, 1, 1, 0, 1, 1, 1, 0, 0, 0, 1]]
Fitness:  1404.142135623731

Execução 4:

Tempo de Inicio (hh:mm:ss.ms) 2019-09-12 03:19:57.886739
gen	min  	max     	avg     	std    
0  	1.632	2.171,85	1.936,12	80,9569
1  	1.595,7	2.161,03	1.888,36	77,6642
382	1.420   	2.011,56	1.429,53	43,2901
Tempo de Termino (hh:mm:ss.ms) 2019-09-12 03:29:38.938099
Tempo Total (hh:mm:ss.ms) 0:09:41.051360
Individuo: [[17, 14, 7, 2, 6, 5, 3, 1, 0, 11, 13, 16, 15, 4, 8, 10, 9, 12], [0, 0, 1, 1, 1, 1, 1, 1, 1, 0, 1, 0, 1, 0, 1, 1, 1, 1]]
Fitness:  1420.0

Execução 5:

Tempo de Inicio (hh:mm:ss.ms) 2019-09-12 03:29:39.787819
gen	min     	max     	avg     	std    
0  	1.637,63	2.162,41	1.936,11	80,2512
1  	1.638,23	2.141,61	1.889,49	79,6589
365	1.412,36	1.994,31	1.422,45	45,7427
Tempo de Termino (hh:mm:ss.ms) 2019-09-12 03:38:53.182392
Tempo Total (hh:mm:ss.ms) 0:09:13.394573
Individuo: [[17, 14, 7, 2, 6, 13, 11, 1, 10, 8, 16, 15, 4, 12, 9, 0, 3, 5], [0, 0, 1, 1, 1, 0, 1, 0, 1, 0, 1, 1, 1, 0, 1, 0, 0, 0]]
Fitness:  1404.142135623731

Execução 6:

Tempo de Inicio (hh:mm:ss.ms) 2019-09-12 03:38:54.004966
gen	min     	max     	avg     	std    
0  	1.623,96	2.164,55	1.936,54	81,4892
1  	1.615,87	2.141,58	1.890,68	78,1935
380	1.412,36	2.039,74	1.422,83	45,2138
Tempo de Termino (hh:mm:ss.ms) 2019-09-12 03:48:30.319317
Tempo Total (hh:mm:ss.ms) 0:09:36.314351
Individuo: [[17, 14, 7, 2, 6, 13, 11, 9, 8, 4, 15, 16, 5, 3, 10, 1, 0, 12], [0, 0, 1, 1, 1, 0, 1, 0, 0, 1, 0, 0, 1, 1, 0, 1, 1, 1]]
Fitness:  1412.3606797749978

Execução 7:

Tempo de Inicio (hh:mm:ss.ms) 2019-09-12 03:48:31.148756
gen	min     	max    	avg    	std    
0  	1.638,77	2.180,3	1.935,7	81,4171
1  	1.590,55	2.142,72	1.888,16	78,3591
380	1.412,36	1.949,07	1.422,04	43,403 
Tempo de Termino (hh:mm:ss.ms) 2019-09-12 03:58:06.720988
Tempo Total (hh:mm:ss.ms) 0:09:35.572232
Individuo: [[17, 14, 7, 2, 6, 13, 11, 0, 9, 8, 10, 3, 15, 4, 12, 1, 16, 5], [0, 0, 1, 1, 1, 0, 1, 1, 0, 0, 0, 0, 1, 1, 0, 0, 0, 0]]
Fitness:  1410.0

Execução 8:

Tempo de Inicio (hh:mm:ss.ms) 2019-09-12 03:58:07.548287
gen	min     	max     	avg     	std    
0  	1.637,16	2.152,73	1.936,98	80,5295
1  	1.602,85	2.143,97	1.889,96	78,0816
385	1.412,36	2.000,39	1.422,48	45,542 
Tempo de Termino (hh:mm:ss.ms) 2019-09-12 04:07:51.824551
Tempo Total (hh:mm:ss.ms) 0:09:44.276264
Individuo: [[17, 14, 7, 2, 6, 13, 11, 3, 5, 16, 15, 4, 8, 10, 1, 0, 9, 12], [0, 0, 1, 1, 1, 0, 1, 0, 0, 1, 1, 0, 1, 0, 1, 1, 0, 1]]
Fitness:  1412.3606797749978

Execução 9:

Tempo de Inicio (hh:mm:ss.ms) 2019-09-12 04:07:52.656372
gen	min     	max     	avg     	std    
0  	1.616,54	2.156,21	1.936,62	80,6844
1  	1.606,32	2.136,6 	1.888,9 	76,8994
383	1.412,36	1.982,82	1.422,74	45,7707
Tempo de Termino (hh:mm:ss.ms) 2019-09-12 04:17:34.061722
Tempo Total (hh:mm:ss.ms) 0:09:41.405350
Individuo: [[17, 14, 7, 2, 6, 13, 11, 1, 10, 8, 16, 3, 9, 0, 12, 4, 15, 5], [0, 0, 1, 1, 1, 0, 1, 0, 1, 0, 1, 1, 1, 0, 1, 0, 0, 0]]
Fitness:  1404.142135623731

Execução 10:

Tempo de Inicio (hh:mm:ss.ms) 2019-09-12 04:17:34.888365
gen	min     	max     	avg     	std    
0  	1.637,41	2.157,13	1.936,36	80,6512
1  	1.607,79	2.146,23	1.888,24	77,5606
395	1.410   	2.029,63	1.420,2 	45,3069
Tempo de Termino (hh:mm:ss.ms) 2019-09-12 04:27:36.729960
Tempo Total (hh:mm:ss.ms) 0:10:01.841595
Individuo: [[17, 14, 7, 2, 6, 5, 3, 10, 12, 4, 16, 15, 8, 9, 0, 1, 11, 13], [0, 0, 1, 1, 1, 1, 1, 1, 1, 0, 1, 1, 1, 1, 0, 1, 0, 1]]
Fitness:  1404.142135623731

