GA:

Execução 1:

Tempo de Inicio (hh:mm:ss.ms) 2019-09-12 01:26:49.906872
gen	min     	max     	avg    	std    
0  	1.414,63	1.947,97	1.707,3	93,2616
1  	1.378,52	1.946,53	1.652,37	86,1031
352	1.200   	1.800,64	1.209,54	44,8496
Tempo de Termino (hh:mm:ss.ms) 2019-09-12 01:35:05.642761
Tempo Total (hh:mm:ss.ms) 0:08:15.735889
Individuo: [[15, 4, 6, 8, 2, 13, 7, 9, 3, 12, 14, 11, 5, 1, 0, 10], [0, 0, 1, 0, 0, 1, 1, 0, 0, 0, 1, 1, 1, 1, 1, 1]]
Fitness:  1200.0

Execução 2:

Tempo de Inicio (hh:mm:ss.ms) 2019-09-12 01:35:06.436999
gen	min     	max     	avg     	std    
0  	1.358,44	1.940,42	1.707,54	93,9993
1  	1.358,44	1.937,31	1.650,93	88,0853
357	1.200   	1.766,5 	1.210,02	44,2589
Tempo de Termino (hh:mm:ss.ms) 2019-09-12 01:43:27.334471
Tempo Total (hh:mm:ss.ms) 0:08:20.897472
Individuo: [[15, 4, 6, 13, 2, 5, 11, 14, 12, 3, 9, 1, 8, 7, 0, 10], [0, 0, 1, 0, 0, 0, 0, 0, 1, 1, 1, 0, 1, 1, 0, 1]]
Fitness:  1200.0

Execução 3:

Tempo de Inicio (hh:mm:ss.ms) 2019-09-12 01:43:28.136863
gen	min     	max     	avg     	std    
0  	1.393,01	1.951,05	1.710,71	93,4775
1  	1.392,91	1.939,18	1.654,28	86,2812
357	1.200   	1.757,13	1.209,39	43,461 
Tempo de Termino (hh:mm:ss.ms) 2019-09-12 01:51:50.197296
Tempo Total (hh:mm:ss.ms) 0:08:22.060433
Individuo: [[15, 4, 13, 2, 9, 11, 14, 12, 3, 5, 6, 7, 0, 1, 8, 10], [0, 0, 0, 1, 0, 1, 0, 1, 1, 1, 1, 1, 0, 0, 1, 1]]
Fitness:  1200.0

Execução 4:

Tempo de Inicio (hh:mm:ss.ms) 2019-09-12 01:51:50.994114
gen	min     	max     	avg     	std    
0  	1.352,27	1.939,35	1.707,78	93,4378
1  	1.394,63	1.932,77	1.650,47	85,5617
360	1.200   	1.764,83	1.209,38	43,093 
Tempo de Termino (hh:mm:ss.ms) 2019-09-12 02:00:17.416500
Tempo Total (hh:mm:ss.ms) 0:08:26.422386
Individuo: [[15, 4, 13, 6, 8, 2, 5, 11, 14, 12, 3, 9, 0, 7, 1, 10], [0, 0, 1, 1, 0, 0, 0, 0, 0, 1, 1, 1, 1, 0, 1, 1]]
Fitness:  1200.0

Execução 5:

Tempo de Inicio (hh:mm:ss.ms) 2019-09-12 02:00:18.217336
gen	min     	max     	avg    	std   
0  	1.404,12	1.943,89	1.709,1	92,606
1  	1.311,88	1.945,61	1.655,15	86,4492
355	1.200   	1.771,95	1.209,82	46,3574
Tempo de Termino (hh:mm:ss.ms) 2019-09-12 02:08:39.997815
Tempo Total (hh:mm:ss.ms) 0:08:21.780479
Individuo: [[15, 4, 13, 2, 5, 11, 3, 12, 14, 9, 1, 8, 6, 7, 0, 10], [0, 0, 0, 1, 0, 0, 0, 0, 1, 1, 0, 1, 0, 1, 0, 1]]
Fitness:  1200.0

Execução 6:

Tempo de Inicio (hh:mm:ss.ms) 2019-09-12 02:08:40.800000
gen	min     	max     	avg     	std    
0  	1.410,64	1.943,82	1.709,03	93,6368
1  	1.358,61	1.951,81	1.652,62	88,4074
354	1.200   	1.777,68	1.208,98	41,8257
Tempo de Termino (hh:mm:ss.ms) 2019-09-12 02:16:59.875700
Tempo Total (hh:mm:ss.ms) 0:08:19.075700
Individuo: [[15, 4, 13, 2, 8, 6, 5, 11, 14, 12, 3, 9, 1, 0, 7, 10], [0, 0, 0, 1, 1, 0, 0, 0, 0, 1, 1, 1, 0, 1, 1, 1]]
Fitness:  1200.0

Execução 7:

Tempo de Inicio (hh:mm:ss.ms) 2019-09-12 02:17:00.676386
gen	min     	max     	avg     	std   
0  	1.390,04	1.960,99	1.708,14	92,833
1  	1.372,27	1.936,16	1.652,62	87,5763
348	1.200   	1.743,11	1.209,95	45,5493
Tempo de Termino (hh:mm:ss.ms) 2019-09-12 02:25:11.727632
Tempo Total (hh:mm:ss.ms) 0:08:11.051246
Individuo: [[15, 4, 6, 0, 9, 14, 12, 3, 11, 5, 13, 2, 1, 8, 7, 10], [0, 0, 1, 0, 0, 0, 1, 1, 1, 1, 1, 1, 1, 1, 1, 1]]
Fitness:  1200.0

Execução 8:

Tempo de Inicio (hh:mm:ss.ms) 2019-09-12 02:25:12.522354
gen	min     	max     	avg     	std    
0  	1.381,87	1.935,05	1.706,96	93,2075
1  	1.351,82	1.927,54	1.651,3 	87,1138
356	1.200   	1.773,62	1.209,51	45,6286
Tempo de Termino (hh:mm:ss.ms) 2019-09-12 02:33:36.056878
Tempo Total (hh:mm:ss.ms) 0:08:23.534524
Individuo: [[15, 4, 6, 7, 9, 14, 12, 3, 11, 5, 8, 13, 2, 1, 0, 10], [0, 0, 1, 1, 0, 0, 1, 1, 1, 1, 1, 0, 1, 1, 1, 1]]
Fitness:  1200.0

Execução 9:

Tempo de Inicio (hh:mm:ss.ms) 2019-09-12 02:33:36.857888
gen	min     	max     	avg     	std    
0  	1.359,51	1.947,48	1.709,48	92,6126
1  	1.358,32	1.955,63	1.653,15	87,1185
366	1.200   	1.775,51	1.209,69	44,7105
Tempo de Termino (hh:mm:ss.ms) 2019-09-12 02:42:13.215500
Tempo Total (hh:mm:ss.ms) 0:08:36.357612
Individuo: [[15, 4, 13, 2, 0, 7, 6, 5, 11, 14, 12, 3, 9, 1, 8, 10], [0, 0, 0, 1, 1, 0, 0, 0, 1, 0, 1, 1, 1, 0, 1, 1]]
Fitness:  1200.0

Execução 10:

Tempo de Inicio (hh:mm:ss.ms) 2019-09-12 02:42:14.016642
gen	min     	max    	avg     	std    
0  	1.394,43	1.959,1	1.708,72	92,4654
1  	1.374,63	1.934,63	1.651,98	85,9773
368	1.200   	1.729,65	1.208,84	41,6209
Tempo de Termino (hh:mm:ss.ms) 2019-09-12 02:50:54.559804
Tempo Total (hh:mm:ss.ms) 0:08:40.543162
Individuo: [[15, 4, 13, 2, 5, 11, 14, 12, 3, 9, 0, 7, 6, 8, 1, 10], [0, 0, 0, 0, 0, 0, 0, 1, 1, 1, 1, 0, 0, 0, 1, 1]]
Fitness:  1200.0

