GA:

Execução 1:

Tempo de Inicio (hh:mm:ss.ms) 2019-09-12 22:42:07.814363
gen	min    	max    	avg 	std    
0  	2174.77	2796.31	2545	90.2356
1  	2172.38	2800.73	2493.46	88.3114
417	1824.14	2572.08	1838.84	58.824 
Tempo de Termino (hh:mm:ss.ms) 2019-09-12 22:53:53.941542
Tempo Total (hh:mm:ss.ms) 0:11:46.127179
Individuo: [[12, 9, 10, 11, 17, 15, 14, 16, 20, 3, 21, 13, 22, 2, 5, 6, 0, 19, 4, 8, 7, 18, 1], [0, 0, 0, 1, 1, 1, 1, 0, 1, 1, 0, 1, 0, 1, 0, 0, 0, 0, 0, 0, 0, 0, 0]]
Fitness:  1824.142135623731

Execução 2:

Tempo de Inicio (hh:mm:ss.ms) 2019-09-12 22:53:56.605767
gen	min     	max    	avg    	std    
0  	2.156,02	2.823,6	2.543,7	91,2652
1  	2.187,91	2.786,69	2.492,22	86,7048
663	1.824,14	2.477,09	1.838,76	57,043 
Tempo de Termino (hh:mm:ss.ms) 2019-09-12 23:12:35.969736
Tempo Total (hh:mm:ss.ms) 0:18:39.363969
Individuo: [[12, 9, 10, 11, 17, 15, 14, 8, 0, 6, 5, 22, 2, 3, 21, 13, 1, 4, 19, 18, 7, 16, 20], [0, 0, 0, 1, 1, 1, 1, 1, 1, 1, 1, 0, 0, 0, 0, 1, 1, 0, 0, 1, 1, 0, 1]]
Fitness:  1824.142135623731

Execução 3:

Tempo de Inicio (hh:mm:ss.ms) 2019-09-12 23:12:36.875407
gen	min     	max     	avg     	std    
0  	2.154,99	2.807,84	2.542,65	91,6045
1  	2.187,13	2.777,01	2.490,09	87,2198
416	1.816,5 	2.544,71	1.831,12	59,095 
Tempo de Termino (hh:mm:ss.ms) 2019-09-12 23:24:14.608702
Tempo Total (hh:mm:ss.ms) 0:11:37.733295
Individuo: [[12, 9, 10, 11, 17, 15, 14, 16, 20, 5, 6, 3, 2, 22, 21, 4, 19, 1, 13, 0, 8, 7, 18], [0, 0, 0, 1, 1, 1, 1, 0, 1, 0, 0, 1, 1, 1, 0, 0, 0, 0, 0, 0, 0, 0, 0]]
Fitness:  1816.5028153987287

Execução 4:

Tempo de Inicio (hh:mm:ss.ms) 2019-09-12 23:24:15.499289
gen	min     	max     	avg     	std    
0  	2.210,74	2.804,86	2.544,78	91,3159
1  	2.173,81	2.793,67	2.492,17	87,4985
480	1.824,72	2.588,4 	1.839,52	59,7119
Tempo de Termino (hh:mm:ss.ms) 2019-09-12 23:37:46.735759
Tempo Total (hh:mm:ss.ms) 0:13:31.236470
Individuo: [[12, 9, 10, 11, 17, 15, 14, 7, 19, 8, 16, 20, 3, 21, 2, 22, 5, 6, 0, 4, 13, 1, 18], [0, 0, 0, 1, 1, 1, 1, 0, 1, 0, 0, 1, 1, 0, 1, 0, 0, 0, 0, 1, 1, 1, 1]]
Fitness:  1820.0

Execução 5:

Tempo de Inicio (hh:mm:ss.ms) 2019-09-12 23:37:47.629849
gen	min     	max     	avg     	std    
0  	2.206,73	2.821,58	2.544,56	92,0873
1  	2.157,38	2.799,8 	2.492,24	87,294 
455	1.812,36	2.451,08	1.826,37	58,2657
Tempo de Termino (hh:mm:ss.ms) 2019-09-12 23:50:41.189711
Tempo Total (hh:mm:ss.ms) 0:12:53.559862
Individuo: [[12, 9, 10, 11, 17, 15, 14, 8, 0, 3, 6, 5, 2, 21, 18, 1, 13, 4, 19, 7, 16, 20, 22], [0, 0, 0, 1, 1, 1, 1, 1, 1, 1, 1, 1, 0, 0, 1, 0, 0, 0, 0, 1, 0, 1, 1]]
Fitness:  1812.3606797749978

Execução 6:

Tempo de Inicio (hh:mm:ss.ms) 2019-09-12 23:50:42.157361
gen	min     	max     	avg     	std    
0  	2.184,57	2.809,71	2.543,91	90,6793
1  	2.141,24	2.787,89	2.493,07	87,0074
433	1.820   	2.552,82	1.833,57	56,4797
Tempo de Termino (hh:mm:ss.ms) 2019-09-13 00:03:04.339251
Tempo Total (hh:mm:ss.ms) 0:12:22.181890
Individuo: [[12, 9, 10, 11, 17, 15, 14, 16, 20, 5, 2, 3, 6, 0, 8, 7, 18, 1, 13, 4, 19, 21, 22], [0, 0, 0, 1, 1, 1, 1, 0, 1, 1, 0, 0, 0, 0, 0, 0, 1, 0, 0, 0, 1, 1, 1]]
Fitness:  1820.0

Execução 7:

Tempo de Inicio (hh:mm:ss.ms) 2019-09-13 00:03:05.252338
gen	min     	max     	avg     	std   
0  	2.192,01	2.805,02	2.544,19	91,094
1  	2.183,89	2.816,46	2.490,84	87,1579
441	1.812,36	2.543,22	1.826,89	58,2546
Tempo de Termino (hh:mm:ss.ms) 2019-09-13 00:15:35.557958
Tempo Total (hh:mm:ss.ms) 0:12:30.305620
Individuo: [[22, 5, 20, 16, 8, 0, 3, 6, 2, 21, 4, 19, 1, 13, 18, 7, 14, 15, 17, 11, 10, 9, 12], [0, 0, 0, 1, 1, 1, 0, 1, 0, 0, 0, 0, 0, 0, 1, 1, 0, 0, 0, 0, 1, 1, 1]]
Fitness:  1812.3606797749978

Execução 8:

Tempo de Inicio (hh:mm:ss.ms) 2019-09-13 00:15:36.443884
gen	min     	max     	avg    	std   
0  	2.186,94	2.795,49	2.544,1	91,452
1  	2.186,94	2.800,17	2.491  	87,9004
458	1.830   	2.529,95	1.845,13	59,928 
Tempo de Termino (hh:mm:ss.ms) 2019-09-13 00:28:44.236704
Tempo Total (hh:mm:ss.ms) 0:13:07.792820
Individuo: [[12, 9, 10, 11, 17, 15, 7, 18, 19, 0, 6, 5, 2, 3, 21, 4, 13, 22, 20, 16, 14, 8, 1], [0, 0, 0, 1, 1, 1, 0, 0, 1, 1, 1, 1, 0, 0, 0, 0, 1, 0, 0, 1, 1, 1, 0]]
Fitness:  1830.0

Execução 9:

Tempo de Inicio (hh:mm:ss.ms) 2019-09-13 00:28:45.134530
gen	min    	max     	avg     	std    
0  	2.186,5	2.823,25	2.543,12	91,1796
1  	2.138,56	2.822,69	2.491,65	87,0256
449	1.828,86	2.517,81	1.843,2 	59,5688
Tempo de Termino (hh:mm:ss.ms) 2019-09-13 00:41:31.908922
Tempo Total (hh:mm:ss.ms) 0:12:46.774392
Individuo: [[12, 9, 10, 11, 17, 15, 7, 8, 14, 16, 20, 5, 2, 3, 6, 0, 19, 18, 1, 13, 4, 21, 22], [0, 0, 0, 1, 1, 1, 0, 0, 1, 0, 1, 1, 0, 0, 0, 0, 0, 0, 0, 0, 0, 1, 1]]
Fitness:  1820.0

Execução 10:

Tempo de Inicio (hh:mm:ss.ms) 2019-09-13 00:41:32.811530
gen	min     	max     	avg     	std   
0  	2.211,39	2.836,32	2.543,81	91,279
1  	2.168,81	2.775,49	2.491,39	87,1956
433	1.820   	2.617,98	1.834,29	58,6007
Tempo de Termino (hh:mm:ss.ms) 2019-09-13 00:53:59.927738
Tempo Total (hh:mm:ss.ms) 0:12:27.116208
Individuo: [[12, 9, 10, 11, 17, 15, 14, 16, 20, 6, 5, 22, 2, 3, 0, 4, 21, 13, 1, 18, 7, 8, 19], [0, 0, 0, 1, 1, 1, 1, 0, 1, 1, 1, 0, 0, 0, 0, 1, 1, 1, 1, 1, 1, 1, 0]]
Fitness:  1820.0

