GA:

Execução 1:

Tempo de Inicio (hh:mm:ss.ms) 2019-09-12 04:27:37.558932
gen	min     	max     	avg     	std   
0  	2.004,07	2.614,04	2.342,17	96,316
1  	1.966,61	2.592,37	2.286,4 	90,756
412	1.674,14	2.319,65	1.686,9 	54,1713
Tempo de Termino (hh:mm:ss.ms) 2019-09-12 04:39:04.796933
Tempo Total (hh:mm:ss.ms) 0:11:27.238001
Individuo: [[12, 10, 2, 15, 5, 13, 20, 3, 7, 6, 16, 17, 18, 1, 14, 11, 9, 0, 4, 19, 8], [0, 0, 1, 1, 1, 1, 0, 0, 1, 0, 0, 0, 0, 1, 1, 1, 1, 1, 1, 0, 1]]
Fitness:  1674.142135623731

Execução 2:

Tempo de Inicio (hh:mm:ss.ms) 2019-09-12 04:39:05.668412
gen	min     	max     	avg     	std    
0  	1.933,86	2.618,18	2.341,04	95,7851
1  	1.933,86	2.602,21	2.285,27	89,6458
417	1.680   	2.309,97	1.692,69	53,2175
Tempo de Termino (hh:mm:ss.ms) 2019-09-12 04:50:39.254395
Tempo Total (hh:mm:ss.ms) 0:11:33.585983
Individuo: [[12, 10, 2, 15, 5, 13, 19, 0, 9, 11, 14, 8, 1, 18, 17, 16, 6, 7, 4, 3, 20], [0, 0, 1, 1, 1, 0, 1, 0, 0, 0, 0, 1, 0, 1, 1, 1, 1, 0, 1, 1, 1]]
Fitness:  1680.0

Execução 3:

Tempo de Inicio (hh:mm:ss.ms) 2019-09-12 04:50:40.124829
gen	min    	max     	avg     	std    
0  	1.971,3	2.611,82	2.342,87	97,1556
1  	1.951,24	2.612,2 	2.285,82	89,7632
405	1.674,14	2.279,21	1.686,83	52,6822
Tempo de Termino (hh:mm:ss.ms) 2019-09-12 05:01:54.967299
Tempo Total (hh:mm:ss.ms) 0:11:14.842470
Individuo: [[12, 10, 2, 15, 0, 4, 19, 5, 9, 11, 14, 1, 18, 17, 16, 7, 6, 3, 20, 13, 8], [0, 0, 1, 1, 1, 1, 0, 0, 0, 0, 0, 0, 1, 1, 1, 0, 1, 0, 1, 0, 1]]
Fitness:  1674.142135623731

Execução 4:

Tempo de Inicio (hh:mm:ss.ms) 2019-09-12 05:01:56.021104
gen	min     	max     	avg     	std    
0  	1.983,04	2.624,47	2.342,38	96,8769
1  	1.956,25	2.574,52	2.286,89	89,4554
465	1.686,06	2.356,9 	1.698,64	53,0764
Tempo de Termino (hh:mm:ss.ms) 2019-09-12 05:14:49.456141
Tempo Total (hh:mm:ss.ms) 0:12:53.435037
Individuo: [[12, 10, 2, 16, 0, 9, 11, 17, 18, 1, 14, 8, 15, 5, 13, 19, 6, 7, 4, 3, 20], [0, 0, 1, 1, 0, 0, 1, 0, 0, 1, 1, 0, 1, 1, 1, 1, 0, 0, 1, 1, 1]]
Fitness:  1686.05551275464

Execução 5:

Tempo de Inicio (hh:mm:ss.ms) 2019-09-12 05:14:50.324187
gen	min     	max     	avg     	std    
0  	1.982,22	2.632,57	2.341,33	97,1531
1  	1.973,15	2.587,5 	2.285,79	90,9031
398	1.680   	2.320,83	1.692,24	53,1502
Tempo de Termino (hh:mm:ss.ms) 2019-09-12 05:25:52.641583
Tempo Total (hh:mm:ss.ms) 0:11:02.317396
Individuo: [[12, 13, 10, 2, 8, 15, 9, 11, 14, 1, 18, 17, 16, 4, 3, 19, 5, 0, 7, 6, 20], [0, 0, 0, 1, 1, 1, 0, 0, 0, 0, 1, 1, 1, 1, 0, 0, 0, 1, 1, 1, 1]]
Fitness:  1680.0

Execução 6:

Tempo de Inicio (hh:mm:ss.ms) 2019-09-12 05:25:53.508527
gen	min     	max     	avg     	std    
0  	1.935,98	2.619,83	2.341,75	96,4391
1  	1.965,69	2.570,81	2.285,77	90,3536
402	1.672,36	2.393,26	1.685,12	54,0445
Tempo de Termino (hh:mm:ss.ms) 2019-09-12 05:37:19.723921
Tempo Total (hh:mm:ss.ms) 0:11:26.215394
Individuo: [[12, 10, 2, 8, 11, 7, 6, 16, 17, 18, 1, 14, 9, 0, 4, 19, 3, 20, 13, 5, 15], [0, 0, 1, 1, 1, 1, 0, 0, 0, 0, 1, 1, 1, 1, 1, 0, 1, 1, 0, 0, 0]]
Fitness:  1672.3606797749978

Execução 7:

Tempo de Inicio (hh:mm:ss.ms) 2019-09-12 05:37:20.587017
gen	min     	max     	avg     	std    
0  	2.013,76	2.630,52	2.342,28	96,2237
1  	1.957,71	2.620,15	2.286,07	88,7813
415	1.680   	2.327,09	1.692,95	55,6836
Tempo de Termino (hh:mm:ss.ms) 2019-09-12 05:48:54.036631
Tempo Total (hh:mm:ss.ms) 0:11:33.449614
Individuo: [[12, 10, 2, 15, 0, 4, 19, 5, 13, 20, 6, 11, 8, 9, 14, 1, 18, 17, 16, 7, 3], [0, 0, 1, 1, 1, 1, 0, 0, 1, 0, 0, 0, 0, 0, 0, 0, 1, 1, 1, 0, 1]]
Fitness:  1680.0

Execução 8:

Tempo de Inicio (hh:mm:ss.ms) 2019-09-12 05:48:54.901147
gen	min     	max     	avg     	std   
0  	2.002,49	2.630,86	2.340,46	97,074
1  	1.984,68	2.591,82	2.282,95	91,0871
452	1.678,86	2.326,91	1.691,58	53,8814
Tempo de Termino (hh:mm:ss.ms) 2019-09-12 06:01:38.698823
Tempo Total (hh:mm:ss.ms) 0:12:43.797676
Individuo: [[12, 10, 2, 8, 11, 16, 7, 17, 18, 1, 14, 9, 0, 4, 19, 15, 5, 13, 3, 6, 20], [0, 0, 1, 1, 1, 1, 0, 0, 0, 1, 1, 1, 1, 1, 0, 1, 1, 1, 1, 1, 1]]
Fitness:  1678.8634951737265

Execução 9:

Tempo de Inicio (hh:mm:ss.ms) 2019-09-12 06:01:39.556382
gen	min     	max     	avg     	std    
0  	1.974,57	2.612,79	2.340,89	95,9476
1  	1.974,57	2.589,7 	2.286,64	89,3586
401	1.688,28	2.305,47	1.701,3 	54,4975
Tempo de Termino (hh:mm:ss.ms) 2019-09-12 06:12:52.996348
Tempo Total (hh:mm:ss.ms) 0:11:13.439966
Individuo: [[12, 10, 2, 8, 14, 11, 9, 1, 18, 17, 16, 7, 4, 6, 0, 15, 5, 13, 19, 3, 20], [0, 0, 1, 1, 1, 1, 0, 0, 1, 1, 1, 0, 1, 0, 0, 1, 1, 0, 1, 1, 1]]
Fitness:  1688.284271247462

Execução 10:

Tempo de Inicio (hh:mm:ss.ms) 2019-09-12 06:12:53.868263
gen	min     	max     	avg     	std    
0  	1.970,43	2.626,29	2.341,56	96,5381
1  	1.914,92	2.595,57	2.286,87	90,756 
417	1.676,5 	2.348,74	1.688,37	51,1119
Tempo de Termino (hh:mm:ss.ms) 2019-09-12 06:28:18.111955
Tempo Total (hh:mm:ss.ms) 0:15:24.243692
Individuo: [[12, 10, 2, 15, 5, 13, 20, 3, 6, 7, 4, 19, 8, 11, 16, 17, 18, 1, 14, 9, 0], [0, 0, 1, 1, 1, 1, 0, 0, 0, 0, 1, 0, 1, 1, 0, 0, 0, 1, 1, 1, 1]]
Fitness:  1674.142135623731

