GA:

Execução 1:

Tempo de Inicio (hh:mm:ss.ms) 2019-09-13 22:48:41.248886
gen	min    	max    	avg    	std    
0  	1823.89	2294.87	2093.46	71.7067
1  	1797.11	2288.37	2053.53	71.6706
407	1542.17	2134.55	1553.32	47.1435
Tempo de Termino (hh:mm:ss.ms) 2019-09-13 22:59:30.082292
Tempo Total (hh:mm:ss.ms) 0:10:48.833406
Individuo: [[17, 3, 2, 16, 15, 10, 11, 6, 12, 5, 13, 4, 1, 14, 7, 9, 18, 8, 19, 0], [0, 0, 1, 1, 1, 1, 1, 1, 1, 1, 0, 0, 0, 0, 0, 0, 1, 0, 0, 0]]
Fitness:  1541.1126983722081

Execução 2:

Tempo de Inicio (hh:mm:ss.ms) 2019-09-13 22:59:31.102395
gen	min     	max     	avg     	std    
0  	1.814,85	2.309,19	2.092,85	71,3184
1  	1.806,54	2.307,84	2.052,38	72,2547
422	1.517,3 	2.069,78	1.529,11	47,7072
Tempo de Termino (hh:mm:ss.ms) 2019-09-13 23:10:39.418034
Tempo Total (hh:mm:ss.ms) 0:11:08.315639
Individuo: [[17, 3, 2, 16, 15, 10, 18, 8, 19, 0, 9, 7, 14, 12, 11, 13, 4, 1, 5, 6], [0, 0, 1, 1, 1, 1, 1, 0, 0, 0, 1, 1, 1, 0, 1, 0, 0, 0, 1, 1]]
Fitness:  1517.3005630797456

Execução 3:

Tempo de Inicio (hh:mm:ss.ms) 2019-09-13 23:10:40.240389
gen	min    	max     	avg     	std    
0  	1.794,4	2.289,68	2.093,34	70,0237
1  	1.785,79	2.274,66	2.054,36	69,5955
410	1.528,49	2.113,05	1.539,68	45,9538
Tempo de Termino (hh:mm:ss.ms) 2019-09-13 23:21:24.962925
Tempo Total (hh:mm:ss.ms) 0:10:44.722536
Individuo: [[17, 3, 2, 8, 19, 0, 18, 16, 9, 7, 4, 13, 5, 1, 14, 12, 15, 10, 11, 6], [0, 0, 1, 0, 0, 0, 1, 1, 1, 1, 1, 1, 0, 1, 1, 0, 1, 1, 1, 1]]
Fitness:  1528.4924225024706

Execução 4:

Tempo de Inicio (hh:mm:ss.ms) 2019-09-13 23:21:25.798498
gen	min     	max     	avg    	std    
0  	1.807,32	2.311,16	2.093,8	71,1566
1  	1.782,66	2.293,57	2.053,69	71,6732
412	1.517,3 	2.089   	1.529,45	49,162 
Tempo de Termino (hh:mm:ss.ms) 2019-09-13 23:32:14.937573
Tempo Total (hh:mm:ss.ms) 0:10:49.139075
Individuo: [[17, 3, 2, 16, 15, 10, 9, 7, 14, 5, 13, 4, 1, 12, 0, 19, 8, 18, 11, 6], [0, 0, 1, 1, 1, 1, 1, 1, 1, 1, 0, 0, 0, 0, 1, 1, 1, 0, 1, 1]]
Fitness:  1517.3005630797459

Execução 5:

Tempo de Inicio (hh:mm:ss.ms) 2019-09-13 23:32:15.767488
gen	min     	max     	avg     	std    
0  	1.818,21	2.293,07	2.093,38	71,3466
1  	1.786,88	2.287,08	2.051,55	71,8224
411	1.519,31	2.071,85	1.531,3 	48,285 
Tempo de Termino (hh:mm:ss.ms) 2019-09-13 23:43:02.697626
Tempo Total (hh:mm:ss.ms) 0:10:46.930138
Individuo: [[17, 3, 2, 16, 0, 19, 8, 18, 15, 10, 12, 5, 13, 4, 1, 14, 7, 9, 11, 6], [0, 0, 1, 1, 1, 1, 1, 0, 1, 1, 1, 1, 0, 0, 0, 0, 0, 0, 1, 1]]
Fitness:  1519.3137084989849

Execução 6:

Tempo de Inicio (hh:mm:ss.ms) 2019-09-13 23:43:03.526709
gen	min     	max     	avg     	std    
0  	1.809,14	2.296,36	2.093,13	71,2556
1  	1.808,52	2.280,29	2.052,72	72,086 
407	1.556,28	2.133,05	1.566,76	43,6876
Tempo de Termino (hh:mm:ss.ms) 2019-09-13 23:53:39.521586
Tempo Total (hh:mm:ss.ms) 0:10:35.994877
Individuo: [[17, 10, 11, 6, 5, 13, 4, 1, 12, 14, 7, 9, 0, 19, 8, 18, 16, 15, 3, 2], [0, 1, 1, 1, 1, 0, 0, 0, 0, 0, 0, 0, 1, 1, 1, 0, 1, 1, 0, 1]]
Fitness:  1556.2768622234641

Execução 7:

Tempo de Inicio (hh:mm:ss.ms) 2019-09-13 23:53:40.335625
gen	min     	max     	avg     	std    
0  	1.775,39	2.299,16	2.093,66	70,6493
1  	1.775,39	2.293,41	2.052,67	71,7638
414	1.534,17	2.103,11	1.546,08	48,3108
Tempo de Termino (hh:mm:ss.ms) 2019-09-14 00:04:28.220132
Tempo Total (hh:mm:ss.ms) 0:10:47.884507
Individuo: [[17, 3, 2, 16, 15, 10, 11, 6, 5, 13, 4, 1, 14, 7, 9, 0, 19, 8, 18, 12], [0, 0, 1, 1, 1, 1, 1, 1, 1, 0, 0, 0, 0, 0, 0, 1, 1, 1, 0, 1]]
Fitness:  1534.1660919471892

Execução 8:

Tempo de Inicio (hh:mm:ss.ms) 2019-09-14 00:04:29.061707
gen	min     	max    	avg     	std    
0  	1.801,57	2.286,9	2.092,93	70,7047
1  	1.789,05	2.281,43	2.052,98	72,1056
407	1.517,3 	2.081,19	1.528,63	46,7443
Tempo de Termino (hh:mm:ss.ms) 2019-09-14 00:15:03.776651
Tempo Total (hh:mm:ss.ms) 0:10:34.714944
Individuo: [[6, 13, 4, 1, 5, 11, 12, 14, 7, 9, 0, 19, 8, 18, 10, 15, 16, 2, 3, 17], [0, 0, 0, 0, 1, 0, 1, 0, 0, 0, 1, 1, 1, 0, 0, 0, 0, 0, 1, 1]]
Fitness:  1517.3005630797456

Execução 9:

Tempo de Inicio (hh:mm:ss.ms) 2019-09-14 00:15:04.599882
gen	min     	max     	avg     	std    
0  	1.809,56	2.304,28	2.093,61	70,1543
1  	1.767,31	2.296,93	2.054,43	71,1589
400	1.552,17	2.092,96	1.563,14	45,7173
Tempo de Termino (hh:mm:ss.ms) 2019-09-14 00:25:27.266534
Tempo Total (hh:mm:ss.ms) 0:10:22.666652
Individuo: [[17, 3, 2, 16, 15, 10, 9, 4, 13, 5, 1, 12, 18, 8, 19, 0, 7, 14, 11, 6], [0, 0, 1, 1, 1, 1, 1, 1, 1, 0, 1, 0, 1, 0, 0, 0, 1, 1, 1, 1]]
Fitness:  1549.4707164303527

Execução 10:

Tempo de Inicio (hh:mm:ss.ms) 2019-09-14 00:25:28.163820
gen	min     	max     	avg     	std    
0  	1.807,23	2.281,54	2.092,36	70,9838
1  	1.800,92	2.293,63	2.052,98	71,8431
401	1.514,83	2.113,98	1.526,53	47,6171
Tempo de Termino (hh:mm:ss.ms) 2019-09-14 00:35:58.772647
Tempo Total (hh:mm:ss.ms) 0:10:30.608827
Individuo: [[17, 3, 2, 16, 18, 8, 19, 0, 9, 7, 1, 5, 13, 4, 14, 12, 15, 10, 11, 6], [0, 0, 1, 1, 1, 0, 0, 0, 1, 1, 0, 1, 0, 0, 1, 0, 1, 1, 1, 1]]
Fitness:  1514.8284271247462

