GA:

Execução 1:

Tempo de Inicio (hh:mm:ss.ms) 2019-09-13 21:07:27.008003
gen	min    	max     	avg     	std    
0  	1.403,1	1.873,44	1.676,68	72,2668
1  	1.372,27	1.865,59	1.635,29	72,1262
375	1.213,66	1.747,42	1.223,24	42,0476
Tempo de Termino (hh:mm:ss.ms) 2019-09-13 21:16:14.238349
Tempo Total (hh:mm:ss.ms) 0:08:47.230346
Individuo: [[8, 5, 6, 14, 7, 3, 0, 11, 13, 10, 1, 2, 4, 12, 9, 15], [0, 1, 1, 0, 0, 1, 1, 1, 1, 1, 0, 0, 0, 1, 1, 1]]
Fitness:  1212.0

Execução 2:

Tempo de Inicio (hh:mm:ss.ms) 2019-09-13 21:16:15.045957
gen	min    	max     	avg     	std    
0  	1.356,3	1.883,93	1.676,11	72,6733
1  	1.356,3	1.867,29	1.634,64	73,1482
385	1.245,87	1.760,69	1.254,2 	37,0286
Tempo de Termino (hh:mm:ss.ms) 2019-09-13 21:25:16.628656
Tempo Total (hh:mm:ss.ms) 0:09:01.582699
Individuo: [[8, 5, 6, 15, 11, 0, 13, 10, 9, 14, 7, 3, 12, 1, 2, 4], [0, 1, 1, 1, 0, 0, 1, 1, 1, 0, 0, 1, 1, 0, 0, 0]]
Fitness:  1245.5088546488428

Execução 3:

Tempo de Inicio (hh:mm:ss.ms) 2019-09-13 21:25:17.477486
gen	min     	max     	avg     	std    
0  	1.393,43	1.863,27	1.675,78	72,5668
1  	1.379,93	1.865,33	1.633,91	71,9012
365	1.213,66	1.767,23	1.222,67	39,2771
Tempo de Termino (hh:mm:ss.ms) 2019-09-13 21:33:53.859890
Tempo Total (hh:mm:ss.ms) 0:08:36.382404
Individuo: [[8, 5, 6, 14, 13, 10, 1, 2, 4, 0, 11, 7, 3, 12, 9, 15], [0, 1, 1, 0, 1, 1, 0, 0, 0, 1, 1, 0, 1, 1, 1, 1]]
Fitness:  1213.6568542494924

Execução 4:

Tempo de Inicio (hh:mm:ss.ms) 2019-09-13 21:33:54.680009
gen	min     	max     	avg     	std    
0  	1.373,05	1.871,54	1.676,08	71,8098
1  	1.373,05	1.872,2 	1.635,08	71,3658
369	1.238   	1.740,1 	1.246,88	40,6491
Tempo de Termino (hh:mm:ss.ms) 2019-09-13 21:42:31.284599
Tempo Total (hh:mm:ss.ms) 0:08:36.604590
Individuo: [[8, 5, 6, 15, 14, 11, 0, 3, 7, 13, 10, 9, 12, 4, 2, 1], [0, 1, 1, 0, 0, 0, 0, 0, 1, 1, 1, 0, 0, 1, 1, 1]]
Fitness:  1238.0

Execução 5:

Tempo de Inicio (hh:mm:ss.ms) 2019-09-13 21:42:32.096196
gen	min     	max    	avg     	std   
0  	1.377,56	1.876,7	1.675,97	71,872
1  	1.377,56	1.864,76	1.636,43	71,1678
366	1.223,31	1.728,87	1.231,72	37,8114
Tempo de Termino (hh:mm:ss.ms) 2019-09-13 21:51:17.748057
Tempo Total (hh:mm:ss.ms) 0:08:45.651861
Individuo: [[8, 5, 7, 11, 10, 1, 2, 4, 0, 13, 14, 6, 3, 12, 9, 15], [0, 1, 1, 0, 1, 0, 0, 0, 1, 0, 1, 0, 1, 1, 1, 1]]
Fitness:  1223.3137084989849

Execução 6:

Tempo de Inicio (hh:mm:ss.ms) 2019-09-13 21:51:18.638678
gen	min     	max    	avg     	std    
0  	1.407,16	1.875,6	1.674,94	72,2951
1  	1.394,24	1.879,68	1.632,79	71,4623
360	1.212   	1.739,32	1.220,93	39,2358
Tempo de Termino (hh:mm:ss.ms) 2019-09-13 21:59:47.385916
Tempo Total (hh:mm:ss.ms) 0:08:28.747238
Individuo: [[8, 5, 6, 14, 13, 11, 7, 3, 0, 10, 1, 2, 4, 12, 9, 15], [0, 1, 1, 0, 1, 1, 0, 1, 1, 1, 0, 0, 0, 1, 1, 1]]
Fitness:  1212.0

Execução 7:

Tempo de Inicio (hh:mm:ss.ms) 2019-09-13 21:59:48.203950
gen	min     	max     	avg    	std    
0  	1.421,44	1.863,34	1.675,4	72,3693
1  	1.380,7 	1.878,2 	1.633,53	72,8673
369	1.238   	1.760,23	1.246,53	39,6047
Tempo de Termino (hh:mm:ss.ms) 2019-09-13 22:08:32.791530
Tempo Total (hh:mm:ss.ms) 0:08:44.587580
Individuo: [[8, 5, 6, 15, 9, 14, 13, 11, 7, 3, 0, 10, 12, 4, 2, 1], [0, 1, 1, 1, 0, 0, 1, 1, 0, 1, 1, 1, 0, 1, 1, 1]]
Fitness:  1238.0

Execução 8:

Tempo de Inicio (hh:mm:ss.ms) 2019-09-13 22:08:33.604443
gen	min     	max     	avg     	std   
0  	1.390,98	1.881,21	1.676,32	72,821
1  	1.390,98	1.880,6 	1.634,65	73,1351
351	1.226,15	1.689,86	1.234,35	37,147 
Tempo de Termino (hh:mm:ss.ms) 2019-09-13 22:16:50.639630
Tempo Total (hh:mm:ss.ms) 0:08:17.035187
Individuo: [[8, 5, 7, 13, 10, 9, 6, 3, 12, 1, 2, 4, 0, 11, 14, 15], [0, 1, 1, 1, 1, 1, 0, 1, 1, 0, 0, 0, 1, 1, 1, 1]]
Fitness:  1219.3137084989849

Execução 9:

Tempo de Inicio (hh:mm:ss.ms) 2019-09-13 22:16:51.470568
gen	min     	max     	avg     	std    
0  	1.400,86	1.874,93	1.675,46	72,6822
1  	1.396,21	1.863,5 	1.633,14	72,2536
370	1.215,31	1.710,59	1.224,86	42,1225
Tempo de Termino (hh:mm:ss.ms) 2019-09-13 22:25:41.279776
Tempo Total (hh:mm:ss.ms) 0:08:49.809208
Individuo: [[8, 5, 3, 4, 2, 1, 12, 0, 11, 13, 10, 9, 14, 7, 6, 15], [0, 1, 1, 1, 1, 1, 0, 1, 1, 1, 1, 1, 0, 0, 1, 1]]
Fitness:  1215.3137084989849

Execução 10:

Tempo de Inicio (hh:mm:ss.ms) 2019-09-13 22:25:42.104610
gen	min     	max     	avg     	std    
0  	1.410,11	1.892,04	1.675,87	73,0296
1  	1.347,56	1.861,94	1.633,47	72,1374
371	1.213,66	1.722,61	1.222   	38,1072
Tempo de Termino (hh:mm:ss.ms) 2019-09-13 22:34:34.650730
Tempo Total (hh:mm:ss.ms) 0:08:52.546120
Individuo: [[8, 5, 3, 0, 11, 14, 9, 12, 4, 2, 1, 10, 13, 7, 6, 15], [0, 1, 1, 1, 1, 1, 0, 0, 1, 1, 1, 0, 0, 0, 1, 1]]
Fitness:  1213.6568542494924

