GA:

Execução 1:

Tempo de Inicio (hh:mm:ss.ms) 2019-09-14 03:03:20.057979
gen	min     	max     	avg     	std   
0  	2.879,57	3.622,62	3.295,03	103,93
1  	2.845,92	3.569,5 	3.237,67	99,8578
514	2.374,98	3.201,02	2.394,83	74,0959
Tempo de Termino (hh:mm:ss.ms) 2019-09-14 03:20:33.418817
Tempo Total (hh:mm:ss.ms) 0:17:13.360838
Individuo: [[11, 27, 16, 20, 9, 5, 3, 26, 0, 17, 10, 21, 1, 14, 22, 18, 6, 23, 8, 2, 24, 7, 13, 4, 15, 19, 12, 25], [0, 1, 1, 1, 0, 1, 1, 1, 0, 1, 0, 0, 0, 0, 1, 1, 0, 0, 1, 1, 1, 1, 1, 1, 1, 0, 0, 1]]
Fitness:  2374.9792548847863

Execução 2:

Tempo de Inicio (hh:mm:ss.ms) 2019-09-14 03:20:34.545614
gen	min     	max     	avg     	std    
0  	2.873,74	3.601,99	3.293,64	106,335
1  	2.873,74	3.589,54	3.232,27	99,0625
513	2.344,54	3.144,16	2.364,05	76,3828
Tempo de Termino (hh:mm:ss.ms) 2019-09-14 03:37:45.731169
Tempo Total (hh:mm:ss.ms) 0:17:11.185555
Individuo: [[11, 27, 16, 20, 4, 13, 12, 6, 23, 15, 19, 7, 9, 5, 3, 26, 1, 14, 17, 10, 21, 0, 22, 2, 24, 8, 18, 25], [0, 1, 1, 1, 0, 0, 0, 0, 0, 1, 0, 0, 0, 1, 1, 1, 0, 0, 1, 0, 0, 0, 1, 1, 1, 1, 1, 1]]
Fitness:  2344.538714463127

Execução 3:

Tempo de Inicio (hh:mm:ss.ms) 2019-09-14 03:37:46.887641
gen	min  	max     	avg     	std    
0  	2.850	3.632,83	3.295,92	104,755
1  	2.852,48	3.559,84	3.235,93	98,5102
456	2.357,72	3.192,44	2.376,75	71,734 
Tempo de Termino (hh:mm:ss.ms) 2019-09-14 03:52:50.100283
Tempo Total (hh:mm:ss.ms) 0:15:03.212642
Individuo: [[11, 27, 16, 20, 4, 13, 12, 6, 23, 2, 22, 14, 0, 17, 10, 21, 1, 5, 3, 26, 9, 7, 19, 15, 24, 8, 18, 25], [0, 1, 1, 1, 0, 0, 0, 0, 0, 0, 0, 1, 0, 1, 0, 0, 0, 1, 1, 1, 1, 1, 1, 0, 1, 1, 1, 1]]
Fitness:  2357.7175602564157

Execução 4:

Tempo de Inicio (hh:mm:ss.ms) 2019-09-14 03:52:51.205725
gen	min     	max     	avg     	std    
0  	2.868,38	3.613,24	3.296,28	105,826
1  	2.868,38	3.605,77	3.235,7 	99,591 
508	2.381,64	3.192,68	2.399,15	69,0424
Tempo de Termino (hh:mm:ss.ms) 2019-09-14 04:09:42.189224
Tempo Total (hh:mm:ss.ms) 0:16:50.983499
Individuo: [[11, 27, 16, 20, 4, 13, 12, 25, 18, 2, 23, 6, 8, 24, 15, 19, 7, 3, 5, 1, 26, 9, 14, 17, 10, 21, 0, 22], [0, 1, 1, 1, 0, 0, 0, 0, 0, 1, 1, 1, 0, 0, 1, 0, 0, 0, 0, 1, 0, 0, 0, 1, 0, 0, 0, 1]]
Fitness:  2377.638404130601

Execução 5:

Tempo de Inicio (hh:mm:ss.ms) 2019-09-14 04:09:43.291410
gen	min     	max     	avg     	std   
0  	2.868,93	3.613,79	3.295,95	104,06
1  	2.855,58	3.617,96	3.235,92	97,8363
488	2.402,89	3.172,23	2.420,78	69,9725
Tempo de Termino (hh:mm:ss.ms) 2019-09-14 04:25:49.674134
Tempo Total (hh:mm:ss.ms) 0:16:06.382724
Individuo: [[11, 27, 16, 20, 4, 13, 7, 24, 15, 19, 12, 25, 18, 2, 23, 6, 22, 8, 9, 5, 3, 26, 1, 14, 10, 21, 0, 17], [0, 1, 1, 1, 0, 0, 0, 0, 1, 0, 0, 0, 0, 1, 1, 1, 0, 0, 0, 1, 1, 1, 0, 0, 0, 0, 0, 1]]
Fitness:  2393.2040391551377

Execução 6:

Tempo de Inicio (hh:mm:ss.ms) 2019-09-14 04:25:50.774631
gen	min     	max     	avg     	std    
0  	2.927,74	3.616,11	3.295,04	104,064
1  	2.889,49	3.596,67	3.235,93	98,3628
488	2.383,22	3.236,59	2.402,79	75,5211
Tempo de Termino (hh:mm:ss.ms) 2019-09-14 04:42:12.992786
Tempo Total (hh:mm:ss.ms) 0:16:22.218155
Individuo: [[11, 27, 16, 20, 5, 1, 0, 17, 10, 21, 14, 22, 18, 25, 13, 12, 6, 23, 2, 8, 24, 15, 19, 7, 3, 26, 9, 4], [0, 1, 1, 1, 0, 1, 0, 1, 0, 0, 0, 1, 1, 1, 0, 0, 0, 0, 0, 0, 0, 1, 0, 0, 1, 1, 1, 0]]
Fitness:  2383.2187657733293

Execução 7:

Tempo de Inicio (hh:mm:ss.ms) 2019-09-14 04:42:14.111252
gen	min    	max     	avg    	std    
0  	2.918,4	3.583,65	3.293,8	104,584
1  	2.812,47	3.583,21	3.236,03	97,5574
532	2.410,77	3.209,27	2.428,6 	69,4187
Tempo de Termino (hh:mm:ss.ms) 2019-09-14 05:00:01.141179
Tempo Total (hh:mm:ss.ms) 0:17:47.029927
Individuo: [[11, 27, 16, 20, 3, 7, 19, 6, 18, 22, 14, 0, 17, 10, 21, 1, 5, 24, 9, 8, 2, 23, 15, 25, 12, 13, 4, 26], [0, 1, 1, 1, 0, 1, 1, 1, 0, 0, 1, 0, 1, 0, 0, 0, 1, 0, 1, 1, 1, 1, 1, 0, 1, 1, 1, 1]]
Fitness:  2410.7729247557922

Execução 8:

Tempo de Inicio (hh:mm:ss.ms) 2019-09-14 05:00:02.281379
gen	min     	max     	avg     	std    
0  	2.865,45	3.611,15	3.295,63	105,429
1  	2.860,27	3.603,13	3.236,76	98,3496
536	2.393,85	3.225,47	2.411,28	69,0287
Tempo de Termino (hh:mm:ss.ms) 2019-09-14 05:17:56.540315
Tempo Total (hh:mm:ss.ms) 0:17:54.258936
Individuo: [[11, 27, 16, 20, 4, 13, 12, 25, 23, 24, 7, 19, 15, 26, 3, 5, 9, 8, 2, 6, 18, 22, 14, 1, 21, 10, 17, 0], [0, 1, 1, 1, 0, 0, 0, 1, 0, 1, 1, 1, 0, 0, 0, 0, 1, 1, 1, 1, 0, 0, 1, 1, 1, 1, 0, 1]]
Fitness:  2393.8479045589074

Execução 9:

Tempo de Inicio (hh:mm:ss.ms) 2019-09-14 05:17:57.657983
gen	min     	max     	avg     	std    
0  	2.893,74	3.608,81	3.294,67	104,692
1  	2.830,18	3.585,61	3.234,45	99,0875
517	2.404,22	3.242,55	2.420,83	67,1658
Tempo de Termino (hh:mm:ss.ms) 2019-09-14 05:35:09.253900
Tempo Total (hh:mm:ss.ms) 0:17:11.595917
Individuo: [[11, 13, 4, 27, 16, 20, 26, 1, 5, 21, 10, 17, 14, 9, 3, 7, 12, 25, 19, 15, 23, 6, 18, 2, 24, 8, 22, 0], [0, 0, 0, 1, 1, 1, 1, 0, 1, 1, 1, 0, 1, 1, 1, 1, 0, 1, 1, 0, 1, 1, 0, 1, 1, 1, 0, 1]]
Fitness:  2404.218614442967

Execução 10:

Tempo de Inicio (hh:mm:ss.ms) 2019-09-14 05:35:10.359099
gen	min     	max     	avg     	std    
0  	2.868,78	3.598,77	3.294,08	104,301
1  	2.827,79	3.590,95	3.236,16	97,6586
478	2.371,64	3.215,56	2.391,08	72,5447
Tempo de Termino (hh:mm:ss.ms) 2019-09-14 05:50:54.626358
Tempo Total (hh:mm:ss.ms) 0:15:44.267259
Individuo: [[11, 27, 16, 20, 4, 13, 12, 25, 6, 23, 15, 19, 7, 24, 2, 22, 14, 0, 17, 10, 21, 1, 5, 3, 26, 9, 8, 18], [0, 1, 1, 1, 0, 0, 0, 0, 0, 0, 1, 0, 0, 0, 0, 0, 1, 0, 1, 0, 0, 0, 1, 1, 1, 1, 1, 1]]
Fitness:  2371.6357000427815

