GA:

Execução 1:

Tempo de Inicio (hh:mm:ss.ms) 2019-09-14 00:35:59.602924
gen	min     	max     	avg     	std    
0  	2.308,26	2.910,86	2.654,35	84,4518
1  	2.299,48	2.869,65	2.606,19	81,2269
461	1.948,28	2.659,51	1.962,51	55,4618
Tempo de Termino (hh:mm:ss.ms) 2019-09-14 00:49:32.332729
Tempo Total (hh:mm:ss.ms) 0:13:32.729805
Individuo: [[10, 21, 1, 15, 3, 13, 12, 6, 23, 14, 0, 11, 2, 8, 22, 4, 7, 20, 5, 17, 16, 18, 9, 19], [0, 1, 1, 1, 0, 0, 0, 0, 0, 0, 0, 1, 0, 0, 0, 0, 0, 0, 0, 1, 0, 1, 1, 1]]
Fitness:  1948.2842712474621

Execução 2:

Tempo de Inicio (hh:mm:ss.ms) 2019-09-14 00:49:33.241556
gen	min     	max     	avg     	std    
0  	2.292,85	2.907,59	2.655,89	84,5756
1  	2.287,58	2.889,31	2.608,17	81,8686
467	1.949,28	2.628,07	1.962,89	56,6969
Tempo de Termino (hh:mm:ss.ms) 2019-09-14 01:03:27.961769
Tempo Total (hh:mm:ss.ms) 0:13:54.720213
Individuo: [[10, 21, 1, 7, 17, 5, 0, 14, 23, 11, 8, 18, 16, 4, 20, 15, 3, 13, 12, 6, 2, 22, 9, 19], [0, 1, 1, 1, 0, 1, 1, 1, 1, 0, 0, 0, 1, 1, 1, 1, 0, 0, 0, 0, 0, 1, 1, 1]]
Fitness:  1948.6701749821852

Execução 3:

Tempo de Inicio (hh:mm:ss.ms) 2019-09-14 01:03:28.905554
gen	min     	max     	avg     	std    
0  	2.319,66	2.922,35	2.654,61	83,9762
1  	2.319,66	2.869,37	2.607,9 	81,2203
514	1.960,47	2.631,66	1.974,98	57,8357
Tempo de Termino (hh:mm:ss.ms) 2019-09-14 01:18:33.365952
Tempo Total (hh:mm:ss.ms) 0:15:04.460398
Individuo: [[10, 13, 12, 19, 6, 9, 8, 2, 11, 23, 14, 22, 18, 16, 4, 0, 15, 20, 7, 17, 5, 3, 21, 1], [0, 0, 0, 1, 1, 0, 1, 1, 1, 0, 0, 1, 0, 1, 1, 1, 0, 1, 1, 0, 1, 0, 1, 1]]
Fitness:  1960.4652355022881

Execução 4:

Tempo de Inicio (hh:mm:ss.ms) 2019-09-14 01:18:34.272372
gen	min     	max     	avg    	std    
0  	2.297,22	2.903,03	2.654,6	84,9134
1  	2.301,43	2.892,92	2.607  	80,8425
481	1.957,31	2.609,95	1.971,73	56,7944
Tempo de Termino (hh:mm:ss.ms) 2019-09-14 01:32:53.786472
Tempo Total (hh:mm:ss.ms) 0:14:19.514100
Individuo: [[10, 21, 1, 7, 17, 5, 20, 15, 0, 11, 23, 14, 22, 9, 6, 2, 8, 19, 12, 13, 3, 4, 16, 18], [0, 1, 1, 1, 0, 1, 1, 1, 0, 1, 0, 0, 1, 1, 0, 0, 0, 1, 1, 1, 1, 0, 0, 1]]
Fitness:  1957.3137084989849

Execução 5:

Tempo de Inicio (hh:mm:ss.ms) 2019-09-14 01:32:54.736324
gen	min     	max    	avg    	std    
0  	2.313,81	2.902,2	2.654,7	83,9634
1  	2.261,78	2.878,62	2.609,01	80,3854
453	1.943,6 	2.619,69	1.958,16	57,7549
Tempo de Termino (hh:mm:ss.ms) 2019-09-14 01:46:19.986464
Tempo Total (hh:mm:ss.ms) 0:13:25.250140
Individuo: [[10, 13, 15, 20, 3, 21, 1, 7, 17, 5, 14, 23, 11, 8, 9, 12, 22, 18, 16, 4, 0, 2, 6, 19], [0, 0, 0, 0, 0, 1, 1, 1, 0, 1, 1, 1, 0, 0, 1, 1, 1, 0, 1, 1, 0, 1, 1, 1]]
Fitness:  1943.5987567390152

Execução 6:

Tempo de Inicio (hh:mm:ss.ms) 2019-09-14 01:46:20.904167
gen	min     	max    	avg     	std    
0  	2.306,28	2.918,4	2.655,13	84,7106
1  	2.293,55	2.920,02	2.606,93	81,4558
478	1.965,01	2.607,08	1.978,63	55,0721
Tempo de Termino (hh:mm:ss.ms) 2019-09-14 02:00:43.712884
Tempo Total (hh:mm:ss.ms) 0:14:22.808717
Individuo: [[10, 21, 1, 7, 17, 16, 18, 9, 6, 19, 12, 11, 0, 22, 8, 2, 23, 14, 4, 5, 20, 15, 3, 13], [0, 1, 1, 1, 0, 0, 1, 1, 0, 0, 1, 0, 1, 1, 1, 1, 0, 0, 0, 1, 1, 1, 0, 0]]
Fitness:  1965.013429357916

Execução 7:

Tempo de Inicio (hh:mm:ss.ms) 2019-09-14 02:00:44.786154
gen	min     	max     	avg     	std    
0  	2.320,04	2.922,22	2.653,69	83,8519
1  	2.309,42	2.876,71	2.605,87	81,6959
510	1.959,82	2.579,43	1.972,59	51,9602
Tempo de Termino (hh:mm:ss.ms) 2019-09-14 02:15:57.322517
Tempo Total (hh:mm:ss.ms) 0:15:12.536363
Individuo: [[10, 21, 1, 7, 17, 16, 18, 9, 6, 11, 0, 2, 8, 22, 4, 5, 20, 15, 14, 23, 3, 13, 12, 19], [0, 1, 1, 1, 0, 0, 1, 1, 0, 0, 1, 0, 0, 0, 0, 1, 1, 1, 1, 1, 0, 0, 0, 1]]
Fitness:  1959.8154034884149

Execução 8:

Tempo de Inicio (hh:mm:ss.ms) 2019-09-14 02:15:58.261930
gen	min     	max     	avg     	std    
0  	2.318,08	2.886,84	2.654,41	85,2261
1  	2.298,89	2.922,66	2.605,06	80,9635
481	1.945,91	2.640,48	1.959,81	54,9794
Tempo de Termino (hh:mm:ss.ms) 2019-09-14 02:30:32.700361
Tempo Total (hh:mm:ss.ms) 0:14:34.438431
Individuo: [[10, 21, 1, 15, 14, 23, 11, 2, 6, 12, 13, 3, 4, 5, 20, 7, 17, 16, 18, 8, 0, 22, 9, 19], [0, 1, 1, 1, 1, 1, 0, 1, 1, 1, 1, 1, 0, 1, 1, 1, 0, 0, 1, 1, 1, 1, 1, 1]]
Fitness:  1940.2579804089842

Execução 9:

Tempo de Inicio (hh:mm:ss.ms) 2019-09-14 02:30:33.755528
gen	min     	max     	avg     	std    
0  	2.296,21	2.904,25	2.654,29	83,5146
1  	2.296,21	2.879,97	2.606,75	80,1092
588	1.958,6 	2.649,23	1.972,3 	53,7045
Tempo de Termino (hh:mm:ss.ms) 2019-09-14 02:48:09.194101
Tempo Total (hh:mm:ss.ms) 0:17:35.438573
Individuo: [[10, 21, 1, 15, 3, 13, 12, 18, 16, 17, 7, 20, 5, 4, 14, 23, 11, 0, 22, 8, 2, 6, 9, 19], [0, 1, 1, 1, 0, 0, 0, 0, 1, 1, 0, 0, 0, 1, 1, 1, 0, 1, 1, 1, 1, 1, 1, 1]]
Fitness:  1950.6011261594915

Execução 10:

Tempo de Inicio (hh:mm:ss.ms) 2019-09-14 02:48:10.114083
gen	min     	max     	avg     	std    
0  	2.334,15	2.904,84	2.654,42	83,7768
1  	2.290,84	2.891,47	2.606,79	81,2115
501	1.954,02	2.690,96	1.968,51	57,5839
Tempo de Termino (hh:mm:ss.ms) 2019-09-14 03:03:18.977883
Tempo Total (hh:mm:ss.ms) 0:15:08.863800
Individuo: [[10, 21, 1, 7, 17, 16, 18, 8, 2, 11, 0, 23, 6, 12, 13, 3, 14, 15, 20, 5, 4, 22, 9, 19], [0, 1, 1, 1, 0, 0, 1, 1, 1, 0, 1, 1, 1, 1, 1, 1, 0, 0, 0, 0, 1, 1, 1, 1]]
Fitness:  1954.0189102859806

