164
106.0 258.0 103.0 260.0
212.0 248.0 226.0 247.0
220.0 271.0 215.0 272.0
189.0 299.0 189.0 316.0
133.0 270.0 110.0 268.0
103.0 266.0 106.0 268.0
194.0 294.0 207.0 295.0
215.0 268.0 224.0 267.0
166.0 297.0 189.0 299.0
182.0 291.0 181.0 296.0
164.0 282.0 141.0 284.0
79.0 276.0 66.0 277.0
228.0 305.0 227.0 311.0
210.0 271.0 204.0 272.0
226.0 261.0 193.0 261.0
215.0 272.0 210.0 271.0
102.0 275.0 95.0 275.0
106.0 311.0 94.0 311.0
193.0 261.0 191.0 256.0
198.0 249.0 201.0 246.0
205.0 276.0 204.0 283.0
106.0 284.0 106.0 311.0
144.0 244.0 153.0 243.0
172.0 291.0 177.0 292.0
160.0 288.0 160.0 296.0
206.0 267.0 215.0 268.0
66.0 249.0 79.0 250.0
133.0 286.0 137.0 290.0
202.0 271.0 205.0 276.0
184.0 285.0 170.0 286.0
204.0 283.0 198.0 284.0
144.0 248.0 139.0 247.0
229.0 316.0 230.0 317.0
139.0 247.0 133.0 248.0
227.0 311.0 193.0 311.0
191.0 256.0 192.0 249.0
80.0 282.0 94.0 284.0
77.0 286.0 80.0 282.0
181.0 296.0 172.0 295.0
172.0 295.0 163.0 296.0
164.0 265.0 164.0 282.0
147.0 288.0 160.0 288.0
92.0 248.0 95.0 251.0
216.0 273.0 228.0 275.0
193.0 311.0 194.0 294.0
106.0 322.0 66.0 322.0
120.0 309.0 132.0 309.0
143.0 298.0 142.0 304.0
133.0 249.0 139.0 257.0
67.0 293.0 70.0 285.0
212.0 247.0 200.0 245.0
154.0 248.0 149.0 247.0
109.0 287.0 122.0 288.0
119.0 315.0 119.0 318.0
226.0 247.0 226.0 261.0
110.0 268.0 110.0 251.0
161.0 305.0 166.0 297.0
228.0 275.0 227.0 277.0
200.0 245.0 201.0 243.0
195.0 320.0 195.0 312.0
219.0 317.0 229.0 316.0
122.0 288.0 133.0 286.0
95.0 251.0 102.0 251.0
163.0 243.0 185.0 245.0
160.0 296.0 147.0 296.0
147.0 296.0 147.0 288.0
142.0 290.0 143.0 298.0
69.0 300.0 69.0 294.0
185.0 245.0 185.0 262.0
209.0 316.0 219.0 317.0
177.0 292.0 182.0 291.0
120.0 318.0 120.0 309.0
167.0 292.0 172.0 291.0
193.0 262.0 203.0 263.0
141.0 263.0 164.0 265.0
209.0 312.0 219.0 313.0
218.0 293.0 221.0 297.0
135.0 276.0 135.0 271.0
201.0 246.0 212.0 248.0
92.0 278.0 79.0 276.0
79.0 318.0 79.0 315.0
195.0 286.0 184.0 285.0
163.0 264.0 157.0 256.0
67.0 302.0 69.0 300.0
66.0 277.0 66.0 249.0
94.0 284.0 106.0 284.0
157.0 251.0 163.0 243.0
198.0 284.0 195.0 286.0
203.0 266.0 198.0 266.0
212.0 245.0 222.0 243.0
207.0 320.0 195.0 320.0
110.0 251.0 133.0 249.0
149.0 247.0 144.0 248.0
227.0 277.0 216.0 275.0
185.0 262.0 163.0 264.0
145.0 320.0 133.0 320.0
66.0 319.0 106.0 319.0
80.0 312.0 77.0 309.0
230.0 317.0 219.0 320.0
198.0 266.0 192.0 266.0
134.0 243.0 144.0 244.0
79.0 250.0 92.0 248.0
70.0 310.0 67.0 302.0
221.0 297.0 226.0 297.0
203.0 263.0 212.0 262.0
141.0 284.0 135.0 276.0
213.0 266.0 208.0 266.0
207.0 312.0 207.0 320.0
224.0 267.0 225.0 272.0
189.0 316.0 166.0 318.0
132.0 318.0 120.0 318.0
163.0 296.0 161.0 291.0
66.0 322.0 66.0 319.0
79.0 315.0 119.0 315.0
153.0 243.0 154.0 248.0
142.0 304.0 108.0 304.0
195.0 312.0 207.0 312.0
205.0 275.0 216.0 273.0
157.0 256.0 157.0 251.0
106.0 268.0 102.0 275.0
226.0 297.0 228.0 305.0
219.0 313.0 230.0 312.0
231.0 313.0 219.0 316.0
108.0 304.0 109.0 287.0
133.0 311.0 145.0 311.0
201.0 243.0 212.0 245.0
208.0 266.0 203.0 266.0
192.0 249.0 198.0 249.0
222.0 243.0 223.0 245.0
137.0 290.0 142.0 290.0
139.0 257.0 139.0 262.0
133.0 248.0 134.0 243.0
207.0 295.0 218.0 293.0
95.0 275.0 92.0 278.0
166.0 318.0 161.0 310.0
212.0 262.0 213.0 266.0
204.0 272.0 206.0 267.0
161.0 291.0 167.0 292.0
103.0 260.0 103.0 266.0
170.0 271.0 202.0 271.0
132.0 309.0 132.0 318.0
230.0 312.0 231.0 313.0
133.0 320.0 133.0 311.0
94.0 311.0 80.0 312.0
106.0 319.0 106.0 322.0
192.0 266.0 193.0 262.0
223.0 245.0 212.0 247.0
219.0 316.0 208.0 313.0
69.0 294.0 67.0 293.0
135.0 271.0 141.0 263.0
225.0 272.0 220.0 271.0
70.0 285.0 77.0 286.0
216.0 275.0 206.0 277.0
77.0 309.0 70.0 310.0
208.0 317.0 209.0 316.0
145.0 311.0 145.0 320.0
206.0 277.0 205.0 275.0
208.0 313.0 209.0 312.0
219.0 320.0 208.0 317.0
102.0 251.0 106.0 258.0
161.0 310.0 161.0 305.0
119.0 318.0 79.0 318.0
170.0 286.0 170.0 271.0
139.0 262.0 133.0 270.0
