80
1136.0 85.0 1080.0 57.0
793.0 -202.0 765.0 -146.0
1024.0 -55.0 1080.0 -27.0
555.0 -174.0 611.0 -202.0
973.0 -174.0 1029.0 -174.0
798.0 -83.0 798.0 -139.0
944.0 -57.0 1000.0 -57.0
854.0 -83.0 798.0 -83.0
1062.0 -55.0 1062.0 -111.0
667.0 56.0 611.0 84.0
945.0 -146.0 973.0 -174.0
1057.0 -90.0 1029.0 -62.0
884.0 -118.0 856.0 -146.0
1000.0 55.0 944.0 55.0
555.0 -28.0 611.0 -56.0
1028.0 -29.0 1028.0 27.0
883.0 83.0 855.0 27.0
771.0 -29.0 771.0 -57.0
756.0 83.0 812.0 -1.0
798.0 -139.0 854.0 -139.0
667.0 -90.0 611.0 -62.0
973.0 -62.0 945.0 -90.0
800.0 -174.0 800.0 -202.0
1118.0 -55.0 1062.0 -55.0
916.0 27.0 916.0 -29.0
771.0 -57.0 911.0 -57.0
1080.0 57.0 1024.0 85.0
1118.0 -111.0 1118.0 -55.0
667.0 -28.0 667.0 56.0
1026.0 -202.0 1138.0 -202.0
1029.0 -62.0 973.0 -62.0
778.0 -14.0 778.0 42.0
666.0 -42.0 666.0 -70.0
868.0 83.0 756.0 83.0
793.0 -62.0 737.0 -62.0
681.0 -118.0 681.0 -174.0
940.0 -202.0 940.0 -62.0
1024.0 85.0 1052.0 29.0
855.0 27.0 827.0 -1.0
1028.0 27.0 1000.0 55.0
940.0 -62.0 912.0 -62.0
765.0 -146.0 793.0 -90.0
1029.0 -174.0 1057.0 -146.0
854.0 -139.0 854.0 -83.0
1000.0 -57.0 1028.0 -29.0
827.0 -1.0 771.0 -29.0
916.0 -29.0 944.0 -57.0
555.0 56.0 555.0 -28.0
1108.0 1.0 1136.0 85.0
666.0 70.0 694.0 14.0
1062.0 -111.0 1118.0 -111.0
778.0 42.0 750.0 70.0
1080.0 -27.0 1136.0 -55.0
812.0 -1.0 868.0 83.0
1052.0 29.0 1024.0 -55.0
750.0 70.0 666.0 70.0
737.0 -62.0 681.0 -118.0
555.0 -90.0 555.0 -174.0
1138.0 -202.0 1082.0 -118.0
911.0 -57.0 911.0 83.0
611.0 -202.0 667.0 -174.0
800.0 -202.0 940.0 -202.0
722.0 -70.0 778.0 -14.0
912.0 -62.0 884.0 -118.0
611.0 -56.0 667.0 -28.0
611.0 84.0 555.0 56.0
709.0 -202.0 793.0 -202.0
681.0 -174.0 709.0 -202.0
694.0 14.0 666.0 -42.0
611.0 -62.0 555.0 -90.0
1057.0 -146.0 1057.0 -90.0
911.0 83.0 883.0 83.0
945.0 -90.0 945.0 -146.0
1082.0 -118.0 1026.0 -202.0
667.0 -174.0 667.0 -90.0
944.0 55.0 916.0 27.0
1136.0 -55.0 1108.0 1.0
666.0 -70.0 722.0 -70.0
856.0 -146.0 800.0 -174.0
793.0 -90.0 793.0 -62.0
