44
975.0 23.0 919.0 23.0
1064.0 -70.0 1036.0 -70.0
1013.0 -38.0 901.0 -38.0
807.0 -98.0 807.0 -182.0
980.0 -154.0 924.0 -182.0
818.0 -37.0 818.0 19.0
863.0 -210.0 919.0 -182.0
901.0 -38.0 957.0 -122.0
746.0 -70.0 690.0 -126.0
975.0 -33.0 975.0 23.0
809.0 49.0 837.0 -7.0
893.0 -35.0 921.0 49.0
690.0 -126.0 690.0 -182.0
1036.0 -70.0 1008.0 -126.0
924.0 -182.0 924.0 -210.0
802.0 -98.0 802.0 -70.0
734.0 47.0 706.0 19.0
790.0 -65.0 818.0 -37.0
924.0 -210.0 1064.0 -210.0
790.0 47.0 734.0 47.0
690.0 -182.0 718.0 -210.0
802.0 -70.0 746.0 -70.0
865.0 21.0 809.0 49.0
706.0 19.0 706.0 -37.0
919.0 -98.0 863.0 -70.0
919.0 23.0 919.0 -33.0
865.0 -63.0 921.0 -91.0
1008.0 -126.0 980.0 -154.0
734.0 -65.0 790.0 -65.0
809.0 -91.0 865.0 -63.0
802.0 -210.0 774.0 -154.0
863.0 -70.0 807.0 -98.0
957.0 -122.0 1013.0 -38.0
919.0 -33.0 975.0 -33.0
921.0 -91.0 893.0 -35.0
706.0 -37.0 734.0 -65.0
818.0 19.0 790.0 47.0
919.0 -182.0 919.0 -98.0
837.0 -7.0 809.0 -91.0
718.0 -210.0 802.0 -210.0
774.0 -154.0 802.0 -98.0
807.0 -182.0 863.0 -210.0
1064.0 -210.0 1064.0 -70.0
921.0 49.0 865.0 21.0
