132
787.0 -66.0 787.0 -38.0
429.0 59.0 429.0 3.0
602.0 -162.0 546.0 -190.0
1069.0 -157.0 1097.0 -129.0
485.0 -162.0 429.0 -190.0
985.0 -73.0 985.0 -129.0
985.0 -129.0 1013.0 -157.0
870.0 107.0 898.0 51.0
617.0 17.0 673.0 17.0
658.0 -190.0 602.0 -162.0
730.0 -3.0 786.0 -31.0
485.0 -114.0 513.0 -86.0
569.0 -58.0 569.0 -30.0
513.0 -25.0 541.0 3.0
831.0 60.0 775.0 60.0
429.0 -30.0 429.0 -170.0
429.0 3.0 457.0 -25.0
786.0 109.0 730.0 81.0
513.0 -86.0 569.0 -58.0
985.0 86.0 1013.0 30.0
723.0 -129.0 723.0 -157.0
661.0 12.0 549.0 12.0
952.0 -157.0 980.0 -129.0
1016.0 -218.0 988.0 -274.0
868.0 -129.0 896.0 -157.0
674.0 109.0 702.0 53.0
775.0 -274.0 775.0 -190.0
868.0 -73.0 868.0 -129.0
1097.0 86.0 1041.0 58.0
980.0 -73.0 952.0 -45.0
429.0 -274.0 485.0 -302.0
429.0 -170.0 457.0 -170.0
546.0 -274.0 602.0 -302.0
926.0 -5.0 982.0 -33.0
848.0 65.0 848.0 121.0
831.0 4.0 831.0 60.0
792.0 121.0 792.0 65.0
457.0 -25.0 513.0 -25.0
1100.0 -246.0 1100.0 -190.0
485.0 -302.0 541.0 -274.0
602.0 -302.0 658.0 -274.0
498.0 -157.0 610.0 -157.0
610.0 -157.0 554.0 -73.0
1097.0 -129.0 1097.0 -73.0
896.0 -45.0 868.0 -73.0
870.0 -33.0 926.0 -5.0
996.0 -246.0 996.0 -190.0
569.0 -30.0 429.0 -30.0
912.0 -218.0 884.0 -274.0
1072.0 -162.0 988.0 -162.0
884.0 -162.0 912.0 -218.0
1013.0 -45.0 985.0 -73.0
541.0 -274.0 541.0 -190.0
808.0 -218.0 780.0 -274.0
647.0 -38.0 647.0 -178.0
703.0 -122.0 731.0 -94.0
723.0 -157.0 863.0 -157.0
658.0 -274.0 658.0 -190.0
1041.0 58.0 985.0 86.0
1097.0 -54.0 1069.0 2.0
792.0 65.0 848.0 65.0
513.0 87.0 457.0 87.0
982.0 -33.0 954.0 23.0
674.0 -31.0 730.0 -3.0
546.0 -190.0 546.0 -274.0
988.0 -274.0 988.0 -302.0
892.0 -246.0 892.0 -190.0
787.0 -38.0 647.0 -38.0
926.0 79.0 870.0 107.0
780.0 -274.0 780.0 -302.0
898.0 51.0 870.0 -33.0
730.0 81.0 674.0 109.0
1100.0 -190.0 1072.0 -162.0
1097.0 -73.0 1069.0 -45.0
549.0 12.0 605.0 -72.0
775.0 4.0 831.0 4.0
1013.0 -157.0 1069.0 -157.0
1069.0 -45.0 1013.0 -45.0
429.0 -190.0 429.0 -274.0
982.0 107.0 926.0 79.0
541.0 -190.0 485.0 -162.0
605.0 -72.0 661.0 12.0
554.0 -73.0 498.0 -157.0
663.0 -274.0 719.0 -302.0
775.0 -190.0 719.0 -162.0
574.0 19.0 630.0 103.0
836.0 -302.0 892.0 -246.0
780.0 -302.0 836.0 -302.0
647.0 -178.0 675.0 -178.0
968.0 -162.0 884.0 -162.0
940.0 -302.0 996.0 -246.0
663.0 -190.0 663.0 -274.0
786.0 -31.0 758.0 25.0
775.0 60.0 775.0 4.0
731.0 -94.0 787.0 -66.0
985.0 -54.0 1041.0 -26.0
848.0 121.0 792.0 121.0
541.0 3.0 541.0 59.0
896.0 -157.0 952.0 -157.0
980.0 -129.0 980.0 -73.0
780.0 -162.0 808.0 -218.0
779.0 -101.0 723.0 -129.0
457.0 -170.0 485.0 -114.0
1044.0 -302.0 1100.0 -246.0
807.0 -73.0 779.0 -101.0
673.0 17.0 673.0 73.0
884.0 -274.0 884.0 -302.0
835.0 -17.0 807.0 -73.0
719.0 -302.0 775.0 -274.0
457.0 87.0 429.0 59.0
988.0 -162.0 1016.0 -218.0
1069.0 2.0 1097.0 86.0
884.0 -302.0 940.0 -302.0
954.0 23.0 982.0 107.0
863.0 -157.0 863.0 -17.0
719.0 -162.0 663.0 -190.0
541.0 59.0 513.0 87.0
617.0 73.0 617.0 17.0
996.0 -190.0 968.0 -162.0
675.0 -178.0 703.0 -122.0
702.0 53.0 674.0 -31.0
863.0 -17.0 835.0 -17.0
892.0 -190.0 864.0 -162.0
673.0 73.0 617.0 73.0
1041.0 -26.0 1097.0 -54.0
1013.0 30.0 985.0 -54.0
630.0 103.0 518.0 103.0
952.0 -45.0 896.0 -45.0
988.0 -302.0 1044.0 -302.0
758.0 25.0 786.0 109.0
864.0 -162.0 780.0 -162.0
518.0 103.0 574.0 19.0
