46
-12.0 178.0 16.0 150.0
18.0 165.0 18.0 125.0
45.0 211.0 37.0 213.0
-84.0 171.0 -50.0 171.0
-7.0 195.0 -7.0 176.0
-42.0 111.0 -53.0 101.0
-50.0 171.0 -38.0 143.0
-33.0 202.0 -84.0 209.0
-16.0 171.0 -8.0 201.0
-31.0 124.0 -42.0 111.0
-23.0 132.0 -44.0 101.0
47.0 186.0 45.0 211.0
-4.0 197.0 32.0 197.0
43.0 122.0 10.0 122.0
-37.0 170.0 -44.0 189.0
-21.0 134.0 -12.0 178.0
-38.0 143.0 -31.0 124.0
43.0 103.0 43.0 122.0
-84.0 122.0 -84.0 171.0
16.0 136.0 -21.0 134.0
18.0 125.0 46.0 137.0
-44.0 101.0 7.0 102.0
13.0 111.0 43.0 103.0
-44.0 189.0 -33.0 202.0
37.0 149.0 49.0 149.0
10.0 122.0 13.0 111.0
16.0 150.0 16.0 136.0
34.0 205.0 7.0 200.0
-53.0 101.0 -84.0 122.0
29.0 165.0 35.0 195.0
-30.0 197.0 -37.0 146.0
46.0 137.0 18.0 165.0
-7.0 176.0 29.0 165.0
-8.0 201.0 -30.0 197.0
-37.0 146.0 -27.0 135.0
35.0 195.0 -7.0 195.0
-83.0 204.0 -81.0 179.0
7.0 126.0 -23.0 132.0
37.0 213.0 37.0 149.0
32.0 197.0 34.0 205.0
-84.0 209.0 -83.0 204.0
-81.0 179.0 -37.0 170.0
-27.0 135.0 -16.0 171.0
7.0 102.0 7.0 126.0
7.0 200.0 -4.0 197.0
49.0 149.0 47.0 186.0
