54
154.0 58.0 150.0 97.0
155.0 148.0 162.0 146.0
188.0 58.0 156.0 58.0
166.0 136.0 171.0 156.0
116.0 86.0 94.0 48.0
203.0 136.0 166.0 136.0
156.0 58.0 156.0 99.0
160.0 140.0 184.0 100.0
72.0 134.0 71.0 140.0
150.0 133.0 115.0 99.0
127.0 138.0 124.0 115.0
205.0 145.0 206.0 160.0
120.0 96.0 92.0 48.0
58.0 95.0 98.0 119.0
150.0 99.0 150.0 133.0
58.0 83.0 73.0 101.0
157.0 117.0 160.0 140.0
122.0 69.0 154.0 58.0
103.0 147.0 136.0 147.0
58.0 139.0 58.0 95.0
174.0 91.0 188.0 58.0
129.0 142.0 155.0 148.0
124.0 115.0 109.0 100.0
98.0 119.0 58.0 139.0
94.0 48.0 160.0 48.0
109.0 100.0 95.0 133.0
71.0 140.0 79.0 158.0
150.0 97.0 124.0 93.0
162.0 146.0 126.0 119.0
203.0 111.0 203.0 55.0
58.0 58.0 58.0 80.0
124.0 93.0 122.0 69.0
184.0 100.0 166.0 96.0
166.0 96.0 156.0 102.0
115.0 99.0 150.0 99.0
73.0 101.0 120.0 96.0
92.0 48.0 58.0 83.0
160.0 48.0 120.0 68.0
206.0 160.0 180.0 154.0
180.0 154.0 205.0 145.0
118.0 162.0 103.0 147.0
79.0 158.0 111.0 138.0
136.0 147.0 118.0 162.0
78.0 53.0 58.0 58.0
120.0 68.0 116.0 86.0
156.0 99.0 174.0 91.0
111.0 138.0 72.0 134.0
58.0 80.0 78.0 53.0
171.0 156.0 203.0 136.0
126.0 119.0 129.0 142.0
203.0 55.0 176.0 91.0
95.0 133.0 127.0 138.0
176.0 91.0 203.0 111.0
156.0 102.0 157.0 117.0
