43
32.0 127.0 32.0 113.0
36.0 86.0 36.0 95.0
62.0 117.0 53.0 117.0
32.0 113.0 22.0 113.0
22.0 113.0 22.0 123.0
59.0 132.0 51.0 132.0
38.0 86.0 48.0 86.0
22.0 95.0 22.0 86.0
36.0 111.0 22.0 111.0
22.0 97.0 36.0 97.0
39.0 98.0 53.0 98.0
52.0 105.0 62.0 105.0
53.0 117.0 62.0 131.0
22.0 111.0 22.0 97.0
48.0 86.0 48.0 96.0
62.0 131.0 62.0 117.0
36.0 97.0 36.0 111.0
60.0 86.0 50.0 86.0
38.0 128.0 47.0 128.0
41.0 121.0 34.0 128.0
50.0 127.0 50.0 113.0
51.0 132.0 55.0 124.0
36.0 113.0 50.0 127.0
50.0 95.0 60.0 91.0
47.0 128.0 47.0 133.0
50.0 113.0 36.0 113.0
22.0 86.0 36.0 86.0
38.0 133.0 38.0 128.0
34.0 114.0 41.0 121.0
48.0 96.0 38.0 96.0
62.0 105.0 62.0 115.0
60.0 91.0 60.0 86.0
22.0 123.0 32.0 127.0
62.0 115.0 52.0 115.0
53.0 98.0 46.0 110.0
55.0 124.0 59.0 132.0
50.0 86.0 50.0 95.0
52.0 115.0 52.0 105.0
38.0 96.0 38.0 86.0
36.0 95.0 22.0 95.0
46.0 110.0 39.0 98.0
47.0 133.0 38.0 133.0
34.0 128.0 34.0 114.0
