264
540.0 1056.0 542.0 1056.0
485.0 966.0 466.0 966.0
456.0 1056.0 456.0 1054.0
490.0 989.0 490.0 1008.0
499.0 1056.0 499.0 1054.0
523.0 1000.0 523.0 998.0
588.0 1038.0 607.0 1019.0
546.0 951.0 544.0 951.0
593.0 953.0 593.0 951.0
451.0 998.0 451.0 1000.0
453.0 953.0 453.0 951.0
466.0 1008.0 485.0 1008.0
519.0 1056.0 521.0 1056.0
420.0 985.0 439.0 985.0
567.0 998.0 567.0 1000.0
435.0 1064.0 588.0 1064.0
578.0 943.0 559.0 943.0
485.0 985.0 485.0 966.0
564.0 1056.0 564.0 1054.0
429.0 953.0 431.0 953.0
475.0 974.0 475.0 976.0
485.0 962.0 485.0 943.0
490.0 1008.0 509.0 1008.0
466.0 966.0 466.0 985.0
546.0 976.0 546.0 974.0
429.0 1000.0 431.0 1000.0
466.0 962.0 485.0 962.0
544.0 953.0 546.0 953.0
513.0 966.0 513.0 985.0
535.0 1056.0 535.0 1054.0
559.0 962.0 578.0 962.0
429.0 998.0 429.0 1000.0
532.0 989.0 513.0 989.0
451.0 976.0 453.0 976.0
582.0 966.0 582.0 985.0
462.0 962.0 462.0 943.0
536.0 962.0 555.0 962.0
443.0 989.0 443.0 1008.0
462.0 943.0 443.0 943.0
521.0 1000.0 523.0 1000.0
431.0 951.0 429.0 951.0
591.0 998.0 591.0 1000.0
416.0 1045.0 435.0 1064.0
490.0 985.0 509.0 985.0
420.0 943.0 420.0 962.0
499.0 1054.0 497.0 1054.0
536.0 989.0 536.0 1008.0
443.0 966.0 443.0 985.0
555.0 943.0 536.0 943.0
578.0 985.0 578.0 966.0
416.0 1019.0 435.0 1038.0
466.0 943.0 466.0 962.0
485.0 1054.0 483.0 1054.0
451.0 974.0 451.0 976.0
462.0 1054.0 462.0 1056.0
498.0 998.0 498.0 1000.0
509.0 962.0 509.0 943.0
532.0 943.0 513.0 943.0
601.0 943.0 582.0 943.0
567.0 974.0 567.0 976.0
498.0 976.0 500.0 976.0
601.0 989.0 582.0 989.0
569.0 976.0 569.0 974.0
532.0 1008.0 532.0 989.0
559.0 1008.0 578.0 1008.0
477.0 951.0 475.0 951.0
466.0 985.0 485.0 985.0
454.0 1056.0 456.0 1056.0
513.0 1008.0 532.0 1008.0
555.0 962.0 555.0 943.0
536.0 966.0 536.0 985.0
601.0 1008.0 601.0 989.0
593.0 951.0 591.0 951.0
469.0 1056.0 471.0 1056.0
533.0 1056.0 535.0 1056.0
601.0 962.0 601.0 943.0
462.0 966.0 443.0 966.0
569.0 998.0 567.0 998.0
492.0 1054.0 490.0 1054.0
556.0 1054.0 554.0 1054.0
547.0 1056.0 549.0 1056.0
504.0 1054.0 504.0 1056.0
514.0 1054.0 512.0 1054.0
483.0 1054.0 483.0 1056.0
547.0 1054.0 547.0 1056.0
462.0 1008.0 462.0 989.0
478.0 1056.0 478.0 1054.0
512.0 1056.0 514.0 1056.0
471.0 1054.0 469.0 1054.0
471.0 1056.0 471.0 1054.0
464.0 1054.0 462.0 1054.0
555.0 985.0 555.0 966.0
567.0 953.0 569.0 953.0
490.0 962.0 509.0 962.0
569.0 951.0 567.0 951.0
439.0 989.0 420.0 989.0
582.0 943.0 582.0 962.0
513.0 943.0 513.0 962.0
554.0 1054.0 554.0 1056.0
544.0 1000.0 546.0 1000.0
420.0 966.0 420.0 985.0
462.0 985.0 462.0 966.0
549.0 1054.0 547.0 1054.0
569.0 974.0 567.0 974.0
562.0 1054.0 562.0 1056.0
509.0 966.0 490.0 966.0
521.0 976.0 523.0 976.0
559.0 985.0 578.0 985.0
593.0 974.0 591.0 974.0
607.0 1019.0 416.0 1019.0
477.0 1000.0 477.0 998.0
431.0 998.0 429.0 998.0
420.0 1008.0 439.0 1008.0
582.0 1008.0 601.0 1008.0
521.0 1056.0 521.0 1054.0
544.0 951.0 544.0 953.0
540.0 1054.0 540.0 1056.0
521.0 953.0 523.0 953.0
591.0 974.0 591.0 976.0
500.0 976.0 500.0 974.0
476.0 1056.0 478.0 1056.0
555.0 989.0 536.0 989.0
578.0 989.0 559.0 989.0
485.0 943.0 466.0 943.0
519.0 1054.0 519.0 1056.0
555.0 966.0 536.0 966.0
578.0 966.0 559.0 966.0
462.0 989.0 443.0 989.0
513.0 985.0 532.0 985.0
532.0 962.0 532.0 943.0
477.0 998.0 475.0 998.0
485.0 989.0 466.0 989.0
429.0 951.0 429.0 953.0
497.0 1056.0 499.0 1056.0
498.0 951.0 498.0 953.0
443.0 943.0 443.0 962.0
500.0 953.0 500.0 951.0
513.0 989.0 513.0 1008.0
451.0 953.0 453.0 953.0
546.0 1000.0 546.0 998.0
556.0 1056.0 556.0 1054.0
559.0 989.0 559.0 1008.0
523.0 951.0 521.0 951.0
431.0 976.0 431.0 974.0
500.0 951.0 498.0 951.0
498.0 974.0 498.0 976.0
593.0 976.0 593.0 974.0
443.0 985.0 462.0 985.0
523.0 998.0 521.0 998.0
578.0 1008.0 578.0 989.0
485.0 1056.0 485.0 1054.0
477.0 976.0 477.0 974.0
542.0 1056.0 542.0 1054.0
420.0 989.0 420.0 1008.0
535.0 1054.0 533.0 1054.0
439.0 962.0 439.0 943.0
591.0 951.0 591.0 953.0
453.0 1000.0 453.0 998.0
523.0 974.0 521.0 974.0
528.0 1054.0 526.0 1054.0
546.0 953.0 546.0 951.0
500.0 998.0 498.0 998.0
469.0 1054.0 469.0 1056.0
533.0 1054.0 533.0 1056.0
532.0 985.0 532.0 966.0
601.0 985.0 601.0 966.0
431.0 953.0 431.0 951.0
429.0 976.0 431.0 976.0
453.0 998.0 451.0 998.0
536.0 985.0 555.0 985.0
490.0 1054.0 490.0 1056.0
569.0 1000.0 569.0 998.0
500.0 974.0 498.0 974.0
567.0 1000.0 569.0 1000.0
513.0 962.0 532.0 962.0
504.0 1056.0 506.0 1056.0
490.0 966.0 490.0 985.0
498.0 1000.0 500.0 1000.0
509.0 1008.0 509.0 989.0
478.0 1054.0 476.0 1054.0
542.0 1054.0 540.0 1054.0
477.0 974.0 475.0 974.0
431.0 1000.0 431.0 998.0
593.0 1000.0 593.0 998.0
439.0 985.0 439.0 966.0
532.0 966.0 513.0 966.0
601.0 966.0 582.0 966.0
582.0 989.0 582.0 1008.0
453.0 976.0 453.0 974.0
521.0 974.0 521.0 976.0
514.0 1056.0 514.0 1054.0
544.0 974.0 544.0 976.0
490.0 943.0 490.0 962.0
559.0 966.0 559.0 985.0
443.0 962.0 462.0 962.0
454.0 1054.0 454.0 1056.0
475.0 951.0 475.0 953.0
523.0 953.0 523.0 951.0
476.0 1054.0 476.0 1056.0
451.0 1000.0 453.0 1000.0
497.0 1054.0 497.0 1056.0
591.0 1000.0 593.0 1000.0
506.0 1056.0 506.0 1054.0
521.0 1054.0 519.0 1054.0
429.0 974.0 429.0 976.0
462.0 1056.0 464.0 1056.0
526.0 1056.0 528.0 1056.0
500.0 1000.0 500.0 998.0
544.0 998.0 544.0 1000.0
593.0 998.0 591.0 998.0
456.0 1054.0 454.0 1054.0
464.0 1056.0 464.0 1054.0
483.0 1056.0 485.0 1056.0
528.0 1056.0 528.0 1054.0
564.0 1054.0 562.0 1054.0
567.0 976.0 569.0 976.0
591.0 953.0 593.0 953.0
431.0 974.0 429.0 974.0
492.0 1056.0 492.0 1054.0
607.0 1045.0 416.0 1045.0
453.0 974.0 451.0 974.0
546.0 974.0 544.0 974.0
485.0 1008.0 485.0 989.0
521.0 998.0 521.0 1000.0
439.0 1008.0 439.0 989.0
536.0 1008.0 555.0 1008.0
509.0 943.0 490.0 943.0
549.0 1056.0 549.0 1054.0
498.0 953.0 500.0 953.0
509.0 989.0 490.0 989.0
451.0 951.0 451.0 953.0
591.0 976.0 593.0 976.0
443.0 1008.0 462.0 1008.0
490.0 1056.0 492.0 1056.0
554.0 1056.0 556.0 1056.0
453.0 951.0 451.0 951.0
521.0 951.0 521.0 953.0
536.0 943.0 536.0 962.0
578.0 962.0 578.0 943.0
439.0 966.0 420.0 966.0
475.0 1000.0 477.0 1000.0
588.0 1064.0 607.0 1045.0
420.0 962.0 439.0 962.0
582.0 962.0 601.0 962.0
523.0 976.0 523.0 974.0
506.0 1054.0 504.0 1054.0
512.0 1054.0 512.0 1056.0
475.0 998.0 475.0 1000.0
559.0 943.0 559.0 962.0
477.0 953.0 477.0 951.0
567.0 951.0 567.0 953.0
582.0 985.0 601.0 985.0
435.0 1038.0 588.0 1038.0
475.0 953.0 477.0 953.0
509.0 985.0 509.0 966.0
526.0 1054.0 526.0 1056.0
562.0 1056.0 564.0 1056.0
544.0 976.0 546.0 976.0
439.0 943.0 420.0 943.0
466.0 989.0 466.0 1008.0
475.0 976.0 477.0 976.0
569.0 953.0 569.0 951.0
555.0 1008.0 555.0 989.0
546.0 998.0 544.0 998.0
