32
160.0 190.0 110.0 190.0
180.0 0.0 180.0 150.0
170.0 150.0 170.0 0.0
230.0 0.0 180.0 0.0
180.0 150.0 230.0 150.0
110.0 170.0 60.0 170.0
50.0 120.0 50.0 170.0
100.0 290.0 0.0 290.0
60.0 170.0 60.0 120.0
170.0 290.0 220.0 290.0
220.0 190.0 170.0 190.0
100.0 190.0 100.0 290.0
220.0 290.0 220.0 190.0
0.0 170.0 0.0 120.0
230.0 150.0 230.0 0.0
50.0 170.0 0.0 170.0
120.0 0.0 120.0 150.0
0.0 290.0 0.0 190.0
0.0 0.0 100.0 0.0
0.0 100.0 0.0 0.0
170.0 190.0 170.0 290.0
100.0 100.0 0.0 100.0
100.0 0.0 100.0 100.0
0.0 120.0 50.0 120.0
0.0 190.0 100.0 190.0
110.0 290.0 160.0 290.0
120.0 150.0 170.0 150.0
110.0 190.0 110.0 290.0
110.0 120.0 110.0 170.0
60.0 120.0 110.0 120.0
170.0 0.0 120.0 0.0
160.0 290.0 160.0 190.0
