28
130.0 0.0 130.0 150.0
150.0 290.0 0.0 290.0
0.0 166.0 0.0 116.0
50.0 166.0 0.0 166.0
160.0 170.0 110.0 170.0
110.0 170.0 110.0 270.0
60.0 166.0 60.0 116.0
0.0 116.0 50.0 116.0
110.0 116.0 110.0 166.0
0.0 180.0 100.0 180.0
100.0 180.0 100.0 280.0
0.0 340.0 150.0 340.0
0.0 0.0 100.0 0.0
0.0 100.0 0.0 0.0
100.0 100.0 0.0 100.0
100.0 0.0 100.0 100.0
0.0 290.0 0.0 340.0
0.0 280.0 0.0 180.0
100.0 280.0 0.0 280.0
180.0 150.0 180.0 0.0
60.0 116.0 110.0 116.0
130.0 150.0 180.0 150.0
150.0 340.0 150.0 290.0
50.0 116.0 50.0 166.0
110.0 166.0 60.0 166.0
160.0 270.0 160.0 170.0
110.0 270.0 160.0 270.0
180.0 0.0 130.0 0.0
