24
110.0 160.0 60.0 160.0
170.0 150.0 170.0 0.0
50.0 110.0 50.0 160.0
100.0 170.0 100.0 270.0
120.0 160.0 120.0 260.0
0.0 110.0 50.0 110.0
170.0 260.0 170.0 160.0
50.0 160.0 0.0 160.0
0.0 270.0 0.0 170.0
120.0 260.0 170.0 260.0
120.0 0.0 120.0 150.0
0.0 0.0 100.0 0.0
0.0 100.0 0.0 0.0
0.0 160.0 0.0 110.0
100.0 100.0 0.0 100.0
100.0 0.0 100.0 100.0
60.0 160.0 60.0 110.0
110.0 110.0 110.0 160.0
120.0 150.0 170.0 150.0
100.0 270.0 0.0 270.0
170.0 160.0 120.0 160.0
170.0 0.0 120.0 0.0
0.0 170.0 100.0 170.0
60.0 110.0 110.0 110.0
