128
60.0 156.0 60.0 186.0
74.0 163.0 86.0 163.0
144.0 94.0 156.0 94.0
165.0 191.0 165.0 221.0
65.0 191.0 95.0 191.0
135.0 86.0 165.0 86.0
130.0 156.0 130.0 186.0
51.0 93.0 51.0 108.0
109.0 164.0 121.0 164.0
156.0 144.0 144.0 144.0
39.0 93.0 51.0 93.0
135.0 121.0 165.0 121.0
144.0 144.0 144.0 129.0
86.0 144.0 74.0 144.0
74.0 94.0 86.0 94.0
100.0 116.0 100.0 86.0
121.0 179.0 109.0 179.0
51.0 178.0 39.0 178.0
60.0 121.0 60.0 151.0
109.0 179.0 109.0 164.0
30.0 116.0 30.0 86.0
60.0 191.0 60.0 221.0
165.0 151.0 135.0 151.0
39.0 144.0 39.0 129.0
95.0 221.0 65.0 221.0
100.0 221.0 100.0 191.0
130.0 86.0 130.0 116.0
60.0 116.0 30.0 116.0
39.0 129.0 51.0 129.0
95.0 151.0 65.0 151.0
156.0 179.0 144.0 179.0
165.0 116.0 135.0 116.0
109.0 94.0 121.0 94.0
30.0 186.0 30.0 156.0
51.0 129.0 51.0 144.0
100.0 156.0 130.0 156.0
144.0 109.0 144.0 94.0
135.0 116.0 135.0 86.0
130.0 186.0 100.0 186.0
86.0 178.0 74.0 178.0
156.0 94.0 156.0 109.0
39.0 199.0 51.0 199.0
65.0 186.0 65.0 156.0
60.0 86.0 60.0 116.0
86.0 129.0 86.0 144.0
135.0 151.0 135.0 121.0
156.0 109.0 144.0 109.0
144.0 198.0 156.0 198.0
109.0 213.0 109.0 198.0
156.0 213.0 144.0 213.0
51.0 199.0 51.0 214.0
95.0 186.0 65.0 186.0
121.0 109.0 109.0 109.0
156.0 129.0 156.0 144.0
121.0 198.0 121.0 213.0
165.0 186.0 135.0 186.0
135.0 191.0 165.0 191.0
100.0 86.0 130.0 86.0
30.0 221.0 30.0 191.0
165.0 86.0 165.0 116.0
51.0 108.0 39.0 108.0
95.0 191.0 95.0 221.0
60.0 151.0 30.0 151.0
100.0 186.0 100.0 156.0
74.0 198.0 86.0 198.0
165.0 221.0 135.0 221.0
30.0 86.0 60.0 86.0
74.0 178.0 74.0 163.0
51.0 214.0 39.0 214.0
109.0 144.0 109.0 129.0
165.0 156.0 165.0 186.0
156.0 198.0 156.0 213.0
121.0 94.0 121.0 109.0
51.0 144.0 39.0 144.0
121.0 164.0 121.0 179.0
130.0 116.0 100.0 116.0
39.0 108.0 39.0 93.0
109.0 129.0 121.0 129.0
130.0 221.0 100.0 221.0
100.0 191.0 130.0 191.0
121.0 213.0 109.0 213.0
95.0 156.0 95.0 186.0
100.0 151.0 100.0 121.0
95.0 86.0 95.0 116.0
86.0 213.0 74.0 213.0
30.0 121.0 60.0 121.0
39.0 163.0 51.0 163.0
135.0 156.0 165.0 156.0
30.0 156.0 60.0 156.0
74.0 213.0 74.0 198.0
100.0 121.0 130.0 121.0
51.0 163.0 51.0 178.0
121.0 129.0 121.0 144.0
95.0 116.0 65.0 116.0
121.0 144.0 109.0 144.0
74.0 144.0 74.0 129.0
144.0 179.0 144.0 164.0
60.0 221.0 30.0 221.0
135.0 186.0 135.0 156.0
109.0 198.0 121.0 198.0
86.0 109.0 74.0 109.0
95.0 121.0 95.0 151.0
130.0 151.0 100.0 151.0
165.0 121.0 165.0 151.0
144.0 213.0 144.0 198.0
144.0 164.0 156.0 164.0
30.0 191.0 60.0 191.0
86.0 163.0 86.0 178.0
65.0 151.0 65.0 121.0
86.0 94.0 86.0 109.0
144.0 129.0 156.0 129.0
130.0 121.0 130.0 151.0
109.0 109.0 109.0 94.0
39.0 178.0 39.0 163.0
65.0 121.0 95.0 121.0
65.0 156.0 95.0 156.0
39.0 214.0 39.0 199.0
135.0 221.0 135.0 191.0
65.0 116.0 65.0 86.0
156.0 164.0 156.0 179.0
65.0 86.0 95.0 86.0
74.0 109.0 74.0 94.0
130.0 191.0 130.0 221.0
30.0 151.0 30.0 121.0
65.0 221.0 65.0 191.0
60.0 186.0 30.0 186.0
86.0 198.0 86.0 213.0
74.0 129.0 86.0 129.0
