40
190.0 0.0 190.0 150.0
110.0 160.0 60.0 160.0
170.0 150.0 170.0 0.0
170.0 170.0 120.0 170.0
50.0 110.0 50.0 160.0
120.0 270.0 170.0 270.0
120.0 170.0 120.0 270.0
100.0 170.0 100.0 270.0
0.0 110.0 50.0 110.0
220.0 330.0 220.0 280.0
50.0 160.0 0.0 160.0
95.0 330.0 220.0 330.0
0.0 270.0 0.0 170.0
240.0 270.0 240.0 170.0
190.0 270.0 240.0 270.0
190.0 150.0 240.0 150.0
75.0 330.0 75.0 280.0
120.0 0.0 120.0 150.0
240.0 0.0 190.0 0.0
0.0 0.0 100.0 0.0
0.0 100.0 0.0 0.0
0.0 160.0 0.0 110.0
240.0 150.0 240.0 0.0
100.0 100.0 0.0 100.0
100.0 0.0 100.0 100.0
60.0 160.0 60.0 110.0
110.0 110.0 110.0 160.0
120.0 150.0 170.0 150.0
0.0 330.0 75.0 330.0
240.0 170.0 190.0 170.0
170.0 270.0 170.0 170.0
190.0 170.0 190.0 270.0
100.0 270.0 0.0 270.0
75.0 280.0 0.0 280.0
0.0 280.0 0.0 330.0
170.0 0.0 120.0 0.0
0.0 170.0 100.0 170.0
60.0 110.0 110.0 110.0
95.0 280.0 95.0 330.0
220.0 280.0 95.0 280.0
