36
1269.0 193.0 1185.0 193.0
1330.0 20.0 1302.0 -8.0
1356.0 97.0 1412.0 97.0
1400.0 181.0 1400.0 265.0
1266.0 53.0 1378.0 53.0
1288.0 181.0 1344.0 153.0
1386.0 -92.0 1414.0 -64.0
1400.0 265.0 1344.0 293.0
1325.0 338.0 1185.0 338.0
1344.0 293.0 1288.0 265.0
1288.0 265.0 1288.0 181.0
1330.0 -92.0 1386.0 -92.0
1213.0 198.0 1325.0 310.0
1378.0 53.0 1322.0 137.0
1412.0 153.0 1356.0 153.0
1356.0 153.0 1356.0 97.0
1297.0 109.0 1297.0 165.0
1297.0 -92.0 1297.0 48.0
1241.0 53.0 1297.0 109.0
1302.0 -8.0 1302.0 -64.0
1344.0 153.0 1400.0 181.0
1297.0 165.0 1269.0 193.0
1185.0 53.0 1241.0 53.0
1185.0 338.0 1185.0 198.0
1322.0 137.0 1266.0 53.0
1185.0 48.0 1185.0 -92.0
1386.0 20.0 1330.0 20.0
1297.0 48.0 1185.0 48.0
1302.0 -64.0 1330.0 -92.0
1185.0 193.0 1185.0 53.0
1325.0 310.0 1325.0 338.0
1414.0 -64.0 1414.0 -8.0
1412.0 97.0 1412.0 153.0
1185.0 -92.0 1297.0 -92.0
1185.0 198.0 1213.0 198.0
1414.0 -8.0 1386.0 20.0
