72
1042.0 101.0 986.0 101.0
897.0 122.0 841.0 94.0
447.0 -156.0 559.0 -156.0
564.0 -156.0 676.0 -156.0
1118.0 -16.0 1090.0 -16.0
646.0 73.0 618.0 101.0
618.0 -11.0 646.0 17.0
763.0 87.0 707.0 115.0
562.0 -11.0 618.0 -11.0
986.0 -11.0 1042.0 -11.0
793.0 -156.0 793.0 -16.0
841.0 10.0 897.0 -18.0
564.0 -16.0 564.0 -156.0
953.0 94.0 897.0 122.0
737.0 -16.0 681.0 -72.0
676.0 -16.0 564.0 -16.0
958.0 17.0 986.0 -11.0
1055.0 -16.0 915.0 -16.0
1042.0 -11.0 1070.0 17.0
856.0 125.0 744.0 125.0
1118.0 -156.0 1118.0 -16.0
618.0 101.0 562.0 101.0
915.0 -156.0 943.0 -156.0
897.0 -18.0 953.0 10.0
1131.0 -11.0 1131.0 45.0
1131.0 45.0 1075.0 45.0
943.0 -156.0 1055.0 -44.0
646.0 17.0 646.0 73.0
915.0 -16.0 915.0 -156.0
505.0 38.0 561.0 122.0
793.0 -16.0 737.0 -16.0
681.0 -72.0 681.0 -128.0
561.0 122.0 449.0 122.0
798.0 -156.0 854.0 -156.0
910.0 -100.0 910.0 -44.0
707.0 115.0 651.0 87.0
651.0 87.0 651.0 3.0
953.0 10.0 953.0 94.0
449.0 122.0 505.0 38.0
1131.0 106.0 1075.0 106.0
1131.0 50.0 1131.0 106.0
559.0 -156.0 559.0 -16.0
534.0 73.0 534.0 17.0
1070.0 73.0 1042.0 101.0
744.0 125.0 800.0 41.0
681.0 -128.0 709.0 -156.0
447.0 -16.0 447.0 -156.0
1075.0 -11.0 1131.0 -11.0
910.0 -44.0 882.0 -16.0
1075.0 45.0 1075.0 -11.0
651.0 3.0 707.0 -25.0
986.0 101.0 958.0 73.0
958.0 73.0 958.0 17.0
1070.0 17.0 1070.0 73.0
854.0 -156.0 910.0 -100.0
1075.0 106.0 1075.0 50.0
1075.0 50.0 1131.0 50.0
978.0 -128.0 978.0 -156.0
709.0 -156.0 793.0 -156.0
676.0 -156.0 676.0 -16.0
978.0 -156.0 1118.0 -156.0
562.0 101.0 534.0 73.0
841.0 94.0 841.0 10.0
534.0 17.0 562.0 -11.0
707.0 -25.0 763.0 3.0
763.0 3.0 763.0 87.0
798.0 -16.0 798.0 -156.0
800.0 41.0 856.0 125.0
1055.0 -44.0 1055.0 -16.0
559.0 -16.0 447.0 -16.0
882.0 -16.0 798.0 -16.0
1090.0 -16.0 978.0 -128.0
