108
1016.0 501.0 1016.0 641.0
1168.0 323.0 1140.0 295.0
868.0 698.0 924.0 614.0
960.0 496.0 904.0 440.0
1221.0 557.0 1193.0 529.0
904.0 529.0 932.0 501.0
1161.0 559.0 1021.0 559.0
1077.0 565.0 1133.0 593.0
904.0 211.0 1016.0 211.0
1250.0 661.0 1194.0 689.0
1133.0 496.0 1021.0 384.0
1161.0 531.0 1161.0 559.0
904.0 351.0 904.0 211.0
1077.0 705.0 1021.0 677.0
1363.0 307.0 1307.0 391.0
787.0 496.0 787.0 356.0
1255.0 658.0 1255.0 574.0
1016.0 211.0 1016.0 351.0
1016.0 641.0 960.0 641.0
1161.0 323.0 1161.0 351.0
1193.0 529.0 1193.0 473.0
1311.0 686.0 1255.0 658.0
1250.0 577.0 1250.0 661.0
1133.0 593.0 1133.0 677.0
899.0 356.0 899.0 496.0
1021.0 384.0 1021.0 356.0
787.0 351.0 787.0 211.0
1310.0 515.0 1310.0 459.0
1310.0 459.0 1366.0 459.0
1251.0 307.0 1363.0 307.0
1049.0 211.0 1161.0 323.0
1224.0 323.0 1168.0 323.0
932.0 356.0 1016.0 356.0
1294.0 454.0 1294.0 398.0
787.0 702.0 787.0 646.0
904.0 585.0 904.0 529.0
1367.0 574.0 1367.0 658.0
1278.0 356.0 1278.0 412.0
1350.0 398.0 1350.0 454.0
980.0 698.0 868.0 698.0
1168.0 211.0 1224.0 211.0
1193.0 473.0 1221.0 445.0
1367.0 658.0 1311.0 686.0
924.0 614.0 980.0 698.0
899.0 501.0 899.0 641.0
1305.0 473.0 1305.0 529.0
1355.0 216.0 1299.0 300.0
1250.0 440.0 1194.0 440.0
1194.0 549.0 1250.0 577.0
843.0 646.0 843.0 702.0
1016.0 351.0 904.0 351.0
1021.0 593.0 1077.0 565.0
1366.0 459.0 1366.0 515.0
1166.0 356.0 1194.0 328.0
1161.0 351.0 1021.0 351.0
1016.0 496.0 960.0 496.0
1021.0 351.0 1021.0 211.0
1161.0 496.0 1133.0 496.0
1140.0 295.0 1140.0 239.0
1021.0 211.0 1049.0 211.0
1305.0 529.0 1277.0 557.0
899.0 496.0 787.0 496.0
1278.0 412.0 1250.0 440.0
815.0 501.0 899.0 501.0
904.0 440.0 904.0 384.0
932.0 501.0 1016.0 501.0
1299.0 300.0 1243.0 216.0
1021.0 419.0 1049.0 419.0
1252.0 295.0 1224.0 323.0
843.0 702.0 787.0 702.0
1252.0 239.0 1252.0 295.0
1243.0 216.0 1355.0 216.0
787.0 585.0 787.0 529.0
1049.0 419.0 1161.0 531.0
1250.0 328.0 1278.0 356.0
1021.0 559.0 1021.0 419.0
1366.0 515.0 1310.0 515.0
1221.0 445.0 1277.0 445.0
1138.0 661.0 1138.0 577.0
1311.0 546.0 1367.0 574.0
787.0 646.0 843.0 646.0
1194.0 328.0 1250.0 328.0
1161.0 356.0 1161.0 496.0
1133.0 677.0 1077.0 705.0
1194.0 440.0 1166.0 412.0
1294.0 398.0 1350.0 398.0
1224.0 211.0 1252.0 239.0
1277.0 557.0 1221.0 557.0
787.0 211.0 899.0 211.0
1021.0 356.0 1161.0 356.0
1350.0 454.0 1294.0 454.0
843.0 641.0 787.0 585.0
904.0 384.0 932.0 356.0
899.0 641.0 843.0 641.0
1255.0 574.0 1311.0 546.0
1016.0 356.0 1016.0 496.0
1021.0 677.0 1021.0 593.0
1307.0 391.0 1251.0 307.0
1194.0 689.0 1138.0 661.0
1166.0 412.0 1166.0 356.0
787.0 529.0 815.0 501.0
787.0 356.0 899.0 356.0
1277.0 445.0 1305.0 473.0
960.0 641.0 904.0 585.0
899.0 211.0 899.0 351.0
899.0 351.0 787.0 351.0
1138.0 577.0 1194.0 549.0
1140.0 239.0 1168.0 211.0
