70
2336.0 264.0 2336.0 291.0
2367.0 60.0 2338.0 60.0
2200.0 98.0 2284.0 14.0
2388.0 215.0 2388.0 243.0
2318.0 160.0 2332.0 160.0
2266.0 236.0 2266.0 207.0
2370.0 161.0 2342.0 161.0
2421.0 264.0 2336.0 264.0
2425.0 133.0 2425.0 161.0
2032.0 211.0 2228.0 211.0
2318.0 188.0 2318.0 160.0
2423.0 60.0 2395.0 60.0
2398.0 133.0 2425.0 133.0
2367.0 3.0 2395.0 3.0
2308.0 250.0 2393.0 250.0
2367.0 32.0 2367.0 3.0
2346.0 202.0 2261.0 202.0
2398.0 106.0 2398.0 133.0
2395.0 88.0 2367.0 88.0
2228.0 206.0 2032.0 206.0
2117.0 4.0 2202.0 89.0
2395.0 3.0 2395.0 32.0
2060.0 135.0 2060.0 178.0
2060.0 178.0 2201.0 178.0
2059.0 239.0 2059.0 281.0
2202.0 89.0 2117.0 172.0
2284.0 14.0 2369.0 98.0
2033.0 89.0 2117.0 4.0
2266.0 207.0 2308.0 207.0
2393.0 250.0 2393.0 207.0
2308.0 207.0 2308.0 250.0
2322.0 291.0 2266.0 236.0
2228.0 211.0 2228.0 281.0
2423.0 32.0 2423.0 60.0
2261.0 243.0 2233.0 243.0
2395.0 32.0 2423.0 32.0
2338.0 32.0 2367.0 32.0
2425.0 161.0 2398.0 161.0
2117.0 172.0 2033.0 89.0
2200.0 239.0 2059.0 239.0
2032.0 206.0 2032.0 135.0
2338.0 60.0 2338.0 32.0
2201.0 135.0 2228.0 135.0
2342.0 133.0 2370.0 133.0
2370.0 189.0 2370.0 161.0
2342.0 161.0 2342.0 133.0
2284.0 182.0 2200.0 98.0
2201.0 178.0 2201.0 135.0
2228.0 281.0 2200.0 281.0
2233.0 243.0 2233.0 188.0
2367.0 88.0 2367.0 60.0
2261.0 202.0 2261.0 243.0
2200.0 281.0 2200.0 239.0
2370.0 133.0 2370.0 106.0
2032.0 135.0 2060.0 135.0
2369.0 98.0 2284.0 182.0
2395.0 60.0 2395.0 88.0
2228.0 135.0 2228.0 206.0
2398.0 161.0 2398.0 189.0
2398.0 189.0 2370.0 189.0
2233.0 188.0 2318.0 188.0
2370.0 106.0 2398.0 106.0
2059.0 281.0 2032.0 281.0
2032.0 281.0 2032.0 211.0
2388.0 243.0 2346.0 243.0
2393.0 207.0 2421.0 207.0
2421.0 207.0 2421.0 264.0
2332.0 160.0 2388.0 215.0
2336.0 291.0 2322.0 291.0
2346.0 243.0 2346.0 202.0
