140
1802.0 147.0 1802.0 217.0
1887.0 -38.0 1859.0 -38.0
1529.0 48.0 1613.0 132.0
1878.0 145.0 1878.0 117.0
1845.0 111.0 1873.0 111.0
1607.0 217.0 1607.0 147.0
1948.0 -100.0 1948.0 -72.0
1696.0 -26.0 1696.0 17.0
1817.0 111.0 1817.0 84.0
1864.0 -72.0 1864.0 -100.0
1892.0 -100.0 1892.0 -128.0
1896.0 22.0 1896.0 78.0
1819.0 -72.0 1735.0 -72.0
1784.0 22.0 1784.0 65.0
1717.0 56.0 1774.0 112.0
1867.0 22.0 1896.0 22.0
1457.0 -58.0 1429.0 -58.0
1784.0 65.0 1867.0 65.0
1613.0 132.0 1529.0 216.0
1442.0 -40.0 1526.0 44.0
1896.0 78.0 1812.0 78.0
1791.0 -86.0 1791.0 -128.0
1845.0 140.0 1845.0 168.0
1466.0 -24.0 1466.0 -94.0
1541.0 51.0 1541.0 -19.0
1707.0 -128.0 1707.0 -86.0
1817.0 84.0 1845.0 84.0
1774.0 147.0 1802.0 147.0
1634.0 147.0 1634.0 188.0
1569.0 22.0 1709.0 22.0
1541.0 -19.0 1569.0 -19.0
1437.0 132.0 1354.0 216.0
1812.0 78.0 1812.0 106.0
1878.0 201.0 1878.0 173.0
1445.0 132.0 1529.0 48.0
1774.0 140.0 1731.0 140.0
1619.0 140.0 1619.0 83.0
1892.0 -128.0 1919.0 -128.0
1817.0 168.0 1817.0 140.0
1494.0 -94.0 1494.0 -53.0
1625.0 -128.0 1625.0 -58.0
1709.0 -19.0 1737.0 -19.0
1353.0 -127.0 1437.0 -42.0
1845.0 84.0 1845.0 111.0
1569.0 -19.0 1569.0 22.0
1429.0 -58.0 1429.0 -128.0
1354.0 48.0 1437.0 132.0
1429.0 -128.0 1625.0 -128.0
1906.0 173.0 1906.0 201.0
1737.0 51.0 1541.0 51.0
1919.0 -128.0 1919.0 -100.0
1634.0 -94.0 1662.0 -94.0
1790.0 140.0 1790.0 111.0
1791.0 -128.0 1819.0 -128.0
1845.0 168.0 1817.0 168.0
1665.0 -128.0 1707.0 -128.0
1948.0 -72.0 1919.0 -72.0
1812.0 106.0 1797.0 106.0
1850.0 173.0 1850.0 145.0
1751.0 -39.0 1751.0 -67.0
1742.0 22.0 1784.0 22.0
1817.0 140.0 1790.0 140.0
1803.0 -67.0 1832.0 -67.0
1832.0 -94.0 1859.0 -94.0
1735.0 -44.0 1721.0 -44.0
1597.0 -58.0 1597.0 -99.0
1735.0 -72.0 1735.0 -44.0
1353.0 42.0 1269.0 -42.0
1864.0 -100.0 1892.0 -100.0
1619.0 83.0 1704.0 83.0
1607.0 147.0 1634.0 147.0
1934.0 173.0 1906.0 173.0
1906.0 117.0 1906.0 145.0
1934.0 145.0 1934.0 173.0
1597.0 -99.0 1457.0 -99.0
1790.0 111.0 1817.0 111.0
1634.0 188.0 1774.0 188.0
1625.0 -58.0 1597.0 -58.0
1647.0 140.0 1619.0 140.0
1832.0 -10.0 1832.0 -38.0
1892.0 -44.0 1892.0 -72.0
1821.0 -11.0 1821.0 17.0
1821.0 17.0 1779.0 17.0
1721.0 -44.0 1665.0 -99.0
1696.0 17.0 1667.0 17.0
1779.0 17.0 1779.0 -26.0
1906.0 201.0 1878.0 201.0
1529.0 216.0 1445.0 132.0
1662.0 -94.0 1662.0 -24.0
1859.0 -10.0 1832.0 -10.0
1906.0 145.0 1934.0 145.0
1919.0 -72.0 1919.0 -44.0
1919.0 -44.0 1892.0 -44.0
1774.0 112.0 1774.0 140.0
1766.0 -67.0 1821.0 -11.0
1832.0 -38.0 1803.0 -38.0
1269.0 132.0 1354.0 48.0
1437.0 -42.0 1353.0 42.0
1859.0 -67.0 1887.0 -67.0
1873.0 111.0 1873.0 140.0
1878.0 173.0 1850.0 173.0
1667.0 17.0 1667.0 -39.0
1803.0 -38.0 1803.0 -67.0
1774.0 188.0 1774.0 147.0
1751.0 -67.0 1766.0 -67.0
1802.0 217.0 1607.0 217.0
1526.0 44.0 1442.0 128.0
1634.0 -53.0 1634.0 -94.0
1742.0 50.0 1742.0 22.0
1878.0 117.0 1906.0 117.0
1707.0 -86.0 1791.0 -86.0
1457.0 -99.0 1457.0 -58.0
1704.0 83.0 1704.0 56.0
1704.0 56.0 1717.0 56.0
1779.0 -26.0 1696.0 -26.0
1665.0 -99.0 1665.0 -128.0
1887.0 -67.0 1887.0 -38.0
1919.0 -100.0 1948.0 -100.0
1354.0 216.0 1269.0 132.0
1819.0 -128.0 1819.0 -72.0
1867.0 65.0 1867.0 22.0
1850.0 145.0 1878.0 145.0
1667.0 -39.0 1751.0 -39.0
1662.0 -24.0 1466.0 -24.0
1737.0 -19.0 1737.0 51.0
1731.0 140.0 1731.0 98.0
1647.0 98.0 1647.0 140.0
1269.0 -42.0 1353.0 -127.0
1709.0 22.0 1709.0 -19.0
1797.0 106.0 1742.0 50.0
1494.0 -53.0 1634.0 -53.0
1859.0 -94.0 1859.0 -67.0
1859.0 -38.0 1859.0 -10.0
1442.0 128.0 1358.0 44.0
1832.0 -67.0 1832.0 -94.0
1892.0 -72.0 1864.0 -72.0
1466.0 -94.0 1494.0 -94.0
1873.0 140.0 1845.0 140.0
1358.0 44.0 1442.0 -40.0
1731.0 98.0 1647.0 98.0
