55
37.0 258.0 -15.0 286.0
159.0 123.0 188.0 192.0
181.0 285.0 123.0 279.0
165.0 128.0 172.0 69.0
198.0 209.0 169.0 139.0
253.0 146.0 225.0 198.0
183.0 269.0 177.0 210.0
169.0 139.0 196.0 128.0
161.0 203.0 104.0 187.0
125.0 225.0 87.0 271.0
115.0 114.0 108.0 172.0
167.0 51.0 167.0 80.0
-12.0 203.0 -32.0 183.0
225.0 198.0 198.0 209.0
93.0 51.0 167.0 51.0
256.0 237.0 204.0 289.0
21.0 130.0 41.0 150.0
132.0 134.0 159.0 123.0
108.0 172.0 88.0 193.0
48.0 231.0 37.0 258.0
-15.0 286.0 -33.0 229.0
-22.0 203.0 48.0 231.0
55.0 119.0 115.0 114.0
196.0 128.0 253.0 146.0
245.0 102.0 225.0 122.0
88.0 193.0 35.0 140.0
50.0 225.0 50.0 196.0
176.0 226.0 181.0 285.0
87.0 271.0 50.0 225.0
125.0 196.0 125.0 225.0
48.0 106.0 37.0 133.0
130.0 126.0 92.0 80.0
123.0 279.0 102.0 258.0
50.0 196.0 125.0 196.0
204.0 289.0 183.0 269.0
172.0 69.0 192.0 49.0
-32.0 104.0 -21.0 77.0
236.0 216.0 256.0 237.0
-32.0 183.0 21.0 130.0
92.0 80.0 93.0 51.0
35.0 140.0 55.0 119.0
47.0 210.0 -12.0 203.0
31.0 49.0 48.0 106.0
155.0 205.0 176.0 226.0
167.0 80.0 130.0 126.0
37.0 133.0 -32.0 104.0
177.0 210.0 236.0 216.0
41.0 150.0 47.0 210.0
102.0 258.0 155.0 205.0
192.0 49.0 245.0 102.0
225.0 122.0 165.0 128.0
188.0 192.0 161.0 203.0
-33.0 229.0 -22.0 203.0
-21.0 77.0 31.0 49.0
104.0 187.0 132.0 134.0
