388
805.0 107.0 819.0 107.0
905.0 83.0 907.0 75.0
884.0 91.0 882.0 91.0
879.0 123.0 879.0 125.0
738.0 66.0 728.0 69.0
911.0 111.0 915.0 113.0
963.0 59.0 957.0 59.0
783.0 113.0 795.0 112.0
925.0 111.0 929.0 113.0
971.0 55.0 970.0 56.0
941.0 88.0 941.0 99.0
825.0 72.0 825.0 66.0
899.0 112.0 901.0 115.0
936.0 126.0 915.0 126.0
656.0 100.0 656.0 98.0
946.0 85.0 959.0 86.0
943.0 101.0 943.0 106.0
962.0 86.0 966.0 86.0
899.0 107.0 899.0 112.0
941.0 99.0 886.0 99.0
827.0 49.0 827.0 63.0
951.0 119.0 951.0 111.0
925.0 69.0 927.0 70.0
936.0 76.0 938.0 84.0
936.0 124.0 936.0 126.0
963.0 51.0 963.0 59.0
968.0 49.0 970.0 50.0
844.0 67.0 899.0 67.0
957.0 59.0 955.0 51.0
949.0 99.0 954.0 101.0
783.0 74.0 795.0 73.0
889.0 83.0 879.0 80.0
819.0 107.0 819.0 111.0
953.0 123.0 966.0 124.0
783.0 118.0 783.0 113.0
840.0 70.0 838.0 73.0
711.0 80.0 709.0 79.0
891.0 81.0 889.0 83.0
825.0 66.0 840.0 70.0
698.0 76.0 707.0 79.0
966.0 67.0 964.0 68.0
959.0 69.0 956.0 71.0
915.0 87.0 941.0 88.0
907.0 84.0 905.0 83.0
907.0 122.0 905.0 121.0
677.0 100.0 656.0 100.0
888.0 65.0 833.0 65.0
767.0 89.0 823.0 89.0
886.0 99.0 886.0 94.0
688.0 51.0 692.0 49.0
947.0 62.0 949.0 62.0
753.0 125.0 709.0 125.0
833.0 60.0 831.0 57.0
823.0 103.0 796.0 106.0
955.0 81.0 953.0 84.0
962.0 92.0 961.0 87.0
709.0 49.0 765.0 49.0
940.0 83.0 940.0 77.0
946.0 101.0 949.0 99.0
825.0 89.0 880.0 89.0
958.0 94.0 956.0 97.0
651.0 71.0 651.0 57.0
946.0 121.0 933.0 120.0
951.0 123.0 951.0 127.0
781.0 87.0 725.0 87.0
971.0 97.0 970.0 102.0
651.0 121.0 703.0 121.0
915.0 124.0 936.0 124.0
829.0 52.0 841.0 51.0
787.0 87.0 787.0 82.0
807.0 113.0 816.0 114.0
719.0 94.0 711.0 94.0
755.0 126.0 755.0 121.0
921.0 122.0 919.0 121.0
901.0 75.0 903.0 75.0
948.0 109.0 946.0 101.0
953.0 127.0 953.0 123.0
823.0 72.0 809.0 72.0
786.0 71.0 780.0 68.0
870.0 119.0 844.0 118.0
844.0 81.0 856.0 81.0
892.0 50.0 913.0 50.0
962.0 99.0 964.0 107.0
827.0 63.0 800.0 66.0
766.0 113.0 766.0 118.0
944.0 88.0 946.0 85.0
935.0 70.0 925.0 67.0
651.0 49.0 666.0 49.0
951.0 69.0 951.0 61.0
718.0 68.0 709.0 65.0
892.0 52.0 892.0 50.0
962.0 67.0 961.0 62.0
915.0 75.0 917.0 83.0
666.0 49.0 666.0 53.0
768.0 112.0 770.0 111.0
709.0 79.0 711.0 71.0
884.0 97.0 884.0 102.0
921.0 113.0 925.0 111.0
917.0 69.0 925.0 69.0
851.0 101.0 825.0 100.0
945.0 54.0 945.0 59.0
765.0 63.0 738.0 66.0
709.0 65.0 709.0 49.0
956.0 121.0 951.0 119.0
958.0 49.0 963.0 51.0
719.0 80.0 711.0 80.0
856.0 81.0 856.0 86.0
707.0 103.0 707.0 119.0
903.0 115.0 903.0 120.0
952.0 59.0 947.0 57.0
651.0 57.0 678.0 54.0
786.0 109.0 782.0 111.0
956.0 71.0 951.0 69.0
906.0 86.0 915.0 87.0
770.0 111.0 778.0 111.0
891.0 121.0 889.0 123.0
919.0 121.0 921.0 113.0
843.0 49.0 853.0 52.0
719.0 85.0 721.0 93.0
790.0 69.0 786.0 71.0
889.0 123.0 879.0 120.0
797.0 110.0 807.0 113.0
721.0 79.0 719.0 80.0
755.0 121.0 768.0 121.0
719.0 71.0 721.0 79.0
965.0 81.0 962.0 83.0
947.0 49.0 953.0 49.0
961.0 87.0 962.0 86.0
956.0 97.0 943.0 96.0
765.0 49.0 765.0 63.0
765.0 95.0 765.0 111.0
781.0 71.0 781.0 87.0
715.0 83.0 719.0 85.0
959.0 92.0 944.0 88.0
651.0 126.0 651.0 121.0
970.0 96.0 971.0 97.0
766.0 118.0 709.0 118.0
966.0 92.0 964.0 93.0
856.0 121.0 856.0 126.0
842.0 126.0 787.0 126.0
858.0 123.0 879.0 123.0
870.0 79.0 844.0 78.0
886.0 94.0 884.0 91.0
956.0 107.0 956.0 99.0
768.0 121.0 768.0 126.0
771.0 65.0 771.0 49.0
844.0 78.0 844.0 67.0
709.0 118.0 709.0 113.0
711.0 94.0 709.0 93.0
869.0 51.0 869.0 49.0
913.0 124.0 913.0 126.0
692.0 97.0 698.0 100.0
651.0 75.0 651.0 73.0
943.0 96.0 943.0 90.0
678.0 102.0 688.0 99.0
955.0 51.0 958.0 49.0
882.0 86.0 894.0 85.0
965.0 55.0 966.0 50.0
672.0 75.0 651.0 75.0
928.0 76.0 932.0 74.0
819.0 111.0 805.0 110.0
651.0 119.0 651.0 105.0
903.0 120.0 891.0 121.0
903.0 80.0 891.0 81.0
936.0 85.0 928.0 85.0
787.0 82.0 785.0 79.0
778.0 111.0 780.0 112.0
966.0 50.0 968.0 49.0
966.0 124.0 966.0 127.0
964.0 68.0 962.0 67.0
880.0 89.0 880.0 94.0
724.0 71.0 718.0 68.0
785.0 79.0 783.0 79.0
917.0 121.0 915.0 122.0
928.0 85.0 926.0 84.0
892.0 126.0 892.0 124.0
966.0 96.0 970.0 96.0
703.0 126.0 651.0 126.0
884.0 102.0 872.0 103.0
711.0 71.0 715.0 69.0
672.0 73.0 672.0 75.0
688.0 99.0 692.0 97.0
961.0 109.0 956.0 107.0
842.0 76.0 842.0 87.0
774.0 122.0 770.0 120.0
709.0 111.0 709.0 97.0
907.0 113.0 911.0 111.0
946.0 115.0 931.0 111.0
962.0 61.0 966.0 61.0
890.0 65.0 890.0 54.0
771.0 49.0 827.0 49.0
787.0 126.0 787.0 121.0
698.0 52.0 707.0 55.0
856.0 86.0 844.0 86.0
964.0 107.0 961.0 109.0
795.0 112.0 797.0 110.0
915.0 122.0 907.0 122.0
962.0 121.0 960.0 113.0
678.0 54.0 688.0 51.0
678.0 78.0 688.0 75.0
933.0 120.0 933.0 114.0
753.0 120.0 753.0 125.0
780.0 112.0 778.0 120.0
968.0 103.0 966.0 102.0
932.0 74.0 936.0 76.0
703.0 121.0 703.0 126.0
858.0 125.0 858.0 123.0
892.0 124.0 913.0 124.0
879.0 80.0 870.0 79.0
844.0 107.0 899.0 107.0
715.0 69.0 719.0 71.0
746.0 91.0 750.0 89.0
770.0 120.0 768.0 112.0
825.0 100.0 825.0 89.0
767.0 105.0 767.0 89.0
916.0 66.0 890.0 65.0
709.0 93.0 711.0 85.0
938.0 126.0 938.0 123.0
915.0 70.0 917.0 69.0
872.0 103.0 870.0 105.0
879.0 125.0 858.0 125.0
842.0 115.0 842.0 126.0
692.0 73.0 698.0 76.0
765.0 111.0 709.0 111.0
709.0 125.0 709.0 120.0
967.0 62.0 966.0 67.0
945.0 59.0 947.0 62.0
856.0 126.0 844.0 126.0
800.0 66.0 790.0 69.0
860.0 102.0 851.0 101.0
960.0 113.0 963.0 111.0
913.0 126.0 892.0 126.0
957.0 73.0 963.0 73.0
888.0 54.0 888.0 65.0
787.0 121.0 785.0 118.0
711.0 85.0 715.0 83.0
780.0 68.0 771.0 65.0
783.0 79.0 783.0 74.0
709.0 113.0 766.0 113.0
709.0 120.0 753.0 120.0
880.0 94.0 882.0 97.0
901.0 101.0 943.0 101.0
951.0 111.0 957.0 111.0
698.0 100.0 707.0 103.0
890.0 54.0 945.0 54.0
841.0 51.0 843.0 49.0
947.0 57.0 947.0 49.0
882.0 91.0 882.0 86.0
677.0 98.0 677.0 100.0
959.0 86.0 959.0 92.0
899.0 67.0 899.0 72.0
966.0 86.0 967.0 87.0
707.0 55.0 707.0 71.0
937.0 68.0 935.0 70.0
829.0 57.0 829.0 52.0
721.0 93.0 719.0 94.0
809.0 72.0 809.0 67.0
785.0 118.0 783.0 118.0
955.0 57.0 952.0 59.0
943.0 106.0 901.0 106.0
651.0 81.0 678.0 78.0
957.0 111.0 959.0 119.0
752.0 70.0 762.0 67.0
913.0 52.0 892.0 52.0
809.0 67.0 823.0 67.0
844.0 126.0 844.0 121.0
869.0 49.0 890.0 49.0
970.0 50.0 971.0 55.0
862.0 53.0 888.0 54.0
962.0 83.0 957.0 81.0
666.0 53.0 651.0 52.0
911.0 73.0 915.0 75.0
782.0 111.0 776.0 108.0
901.0 106.0 901.0 101.0
948.0 118.0 946.0 121.0
931.0 121.0 929.0 122.0
929.0 113.0 931.0 121.0
951.0 61.0 957.0 61.0
907.0 75.0 911.0 73.0
950.0 77.0 935.0 73.0
853.0 52.0 862.0 53.0
822.0 112.0 822.0 106.0
966.0 56.0 965.0 55.0
879.0 120.0 870.0 119.0
959.0 119.0 956.0 121.0
965.0 97.0 966.0 96.0
933.0 108.0 946.0 109.0
967.0 87.0 966.0 92.0
946.0 109.0 946.0 115.0
728.0 69.0 724.0 71.0
838.0 73.0 825.0 72.0
894.0 85.0 896.0 83.0
831.0 57.0 829.0 57.0
844.0 121.0 856.0 121.0
709.0 97.0 736.0 94.0
954.0 101.0 954.0 109.0
917.0 78.0 915.0 70.0
844.0 118.0 844.0 107.0
915.0 113.0 917.0 121.0
901.0 115.0 903.0 115.0
837.0 110.0 835.0 113.0
943.0 90.0 958.0 94.0
844.0 86.0 844.0 81.0
961.0 62.0 962.0 61.0
905.0 121.0 907.0 113.0
816.0 114.0 842.0 115.0
651.0 95.0 651.0 81.0
768.0 126.0 755.0 126.0
795.0 73.0 797.0 71.0
870.0 105.0 860.0 102.0
957.0 61.0 959.0 69.0
833.0 65.0 833.0 60.0
890.0 51.0 869.0 51.0
725.0 87.0 725.0 73.0
822.0 106.0 837.0 110.0
970.0 56.0 966.0 56.0
915.0 84.0 907.0 84.0
929.0 122.0 921.0 122.0
921.0 80.0 917.0 78.0
762.0 67.0 766.0 65.0
963.0 73.0 965.0 81.0
970.0 102.0 968.0 103.0
796.0 106.0 786.0 109.0
938.0 84.0 936.0 85.0
957.0 81.0 957.0 73.0
956.0 99.0 962.0 99.0
842.0 87.0 787.0 87.0
823.0 67.0 823.0 72.0
816.0 75.0 842.0 76.0
899.0 72.0 901.0 75.0
931.0 111.0 933.0 108.0
766.0 65.0 772.0 68.0
651.0 52.0 651.0 49.0
926.0 84.0 928.0 76.0
858.0 85.0 858.0 83.0
835.0 113.0 822.0 112.0
966.0 61.0 967.0 62.0
903.0 75.0 903.0 80.0
692.0 49.0 698.0 52.0
707.0 95.0 651.0 95.0
968.0 113.0 968.0 121.0
950.0 71.0 950.0 77.0
913.0 50.0 913.0 52.0
940.0 77.0 955.0 81.0
707.0 79.0 707.0 95.0
797.0 71.0 807.0 74.0
725.0 73.0 752.0 70.0
805.0 110.0 805.0 107.0
935.0 73.0 937.0 70.0
949.0 67.0 937.0 68.0
807.0 74.0 816.0 75.0
915.0 126.0 915.0 124.0
756.0 92.0 765.0 95.0
953.0 84.0 940.0 83.0
927.0 70.0 925.0 78.0
917.0 83.0 915.0 84.0
968.0 121.0 962.0 121.0
823.0 89.0 823.0 103.0
937.0 70.0 950.0 71.0
882.0 97.0 884.0 97.0
879.0 85.0 858.0 85.0
879.0 83.0 879.0 85.0
964.0 93.0 962.0 92.0
688.0 75.0 692.0 73.0
938.0 123.0 951.0 123.0
736.0 94.0 746.0 91.0
925.0 67.0 916.0 66.0
933.0 114.0 948.0 118.0
778.0 120.0 774.0 122.0
707.0 71.0 651.0 71.0
953.0 49.0 955.0 57.0
949.0 62.0 949.0 67.0
966.0 102.0 965.0 97.0
925.0 78.0 921.0 80.0
750.0 89.0 756.0 92.0
651.0 73.0 672.0 73.0
954.0 109.0 948.0 109.0
651.0 105.0 678.0 102.0
896.0 83.0 906.0 86.0
656.0 98.0 677.0 98.0
772.0 68.0 781.0 71.0
858.0 83.0 879.0 83.0
963.0 111.0 968.0 113.0
707.0 119.0 651.0 119.0
890.0 49.0 890.0 51.0
951.0 127.0 938.0 126.0
776.0 108.0 767.0 105.0
966.0 127.0 953.0 127.0
